3 0.398698 0.924074 0.027604 0.046296
3 0.515104 0.880556 0.023958 0.040741
3 0.458073 0.894907 0.023438 0.039815
3 0.677344 0.850926 0.019271 0.033333
3 0.594531 0.844444 0.021354 0.033333
3 0.552083 0.824074 0.017708 0.033333
3 0.467187 0.848611 0.019792 0.026852
3 0.409896 0.860648 0.01875 0.034259
3 0.3375 0.884259 0.020833 0.037037
3 0.210417 0.835185 0.011458 0.027778
3 0.240885 0.826852 0.010937 0.02037
3 0.271875 0.820833 0.016667 0.021296
3 0.347396 0.806481 0.013542 0.02037
3 0.386719 0.79537 0.011979 0.02037
4 0.10651 0.797222 0.079687 0.064815
4 0.948177 0.644907 0.044271 0.026852
