5 0.024219 0.895833 0.047396 0.049074
5 0.135677 0.91713 0.035937 0.036111
5 0.185677 0.909722 0.030729 0.030556
5 0.228385 0.937963 0.058854 0.035185
5 0.310937 0.921759 0.034375 0.026852
5 0.303646 0.826852 0.032292 0.018519
5 0.333073 0.831944 0.039062 0.019444
5 0.205469 0.828241 0.032813 0.019444
5 0.375 0.834722 0.029167 0.019444
5 0.491406 0.836574 0.174479 0.037963
7 0.958594 0.827778 0.073438 0.035185
5 0.759635 0.838426 0.021354 0.012037
5 0.651302 0.840278 0.021354 0.025
5 0.600521 0.839352 0.017708 0.023148
