2 0.428646 0.840741 0.091667 0.057407
2 0.490625 0.823611 0.027083 0.034259
2 0.525781 0.813889 0.043229 0.025926
2 0.571615 0.794444 0.034896 0.035185
7 0.614583 0.777315 0.048958 0.034259
2 0.657031 0.785648 0.035937 0.017593
2 0.910677 0.762037 0.063021 0.027778
2 0.983073 0.743981 0.016146 0.012037
2 0.326302 0.783333 0.043229 0.022222
2 0.364323 0.776389 0.030729 0.019444
9 0.042188 0.680556 0.034375 0.251852
9 0.077865 0.703704 0.030729 0.181481
13 0.415365 0.796296 0.028646 0.072222
2 0.526823 0.819444 0.043229 0.025926
13 0.440104 0.778704 0.01875 0.072222
13 0.48125 0.790278 0.027083 0.049074
13 0.523438 0.788889 0.013542 0.046296
13 0.569271 0.779167 0.014583 0.026852
13 0.65625 0.762963 0.014583 0.05
