2 0.081771 0.743981 0.027083 0.026852
2 0.1375 0.738426 0.030208 0.025
2 0.202865 0.732407 0.035937 0.02037
2 0.226302 0.752778 0.050521 0.02963
2 0.255729 0.74213 0.033333 0.030556
2 0.355729 0.730556 0.029167 0.025926
2 0.40651 0.717593 0.039062 0.02963
2 0.43776 0.731019 0.036979 0.023148
2 0.467187 0.713889 0.027083 0.031481
2 0.590885 0.712963 0.033854 0.025926
2 0.61849 0.706019 0.036979 0.023148
2 0.679427 0.698148 0.039062 0.027778
2 0.780729 0.687037 0.039583 0.024074
2 0.834896 0.670833 0.036458 0.021296
2 0.890885 0.669444 0.045312 0.024074
2 0.947917 0.65463 0.019792 0.02037
2 0.727083 0.680556 0.033333 0.024074
1 0.605729 0.683796 0.03125 0.032407
