3 0.326562 0.950926 0.039583 0.046296
2 0.227083 0.781944 0.164583 0.100926
3 0.343229 0.793981 0.010417 0.017593
2 0.445312 0.726852 0.185417 0.085185
2 0.354948 0.695833 0.124479 0.075
2 0.35625 0.631481 0.035417 0.042593
2 0.427083 0.623148 0.04375 0.02963
2 0.627865 0.595833 0.094271 0.065741
2 0.565885 0.664352 0.129688 0.063889
2 0.761979 0.673611 0.180208 0.093519
2 0.91276 0.718519 0.167187 0.15
2 0.734375 0.57963 0.094792 0.074074
2 0.852865 0.568056 0.101562 0.060185
2 0.910156 0.573611 0.105729 0.069444
