3 0.751563 0.778704 0.020833 0.037037
3 0.81901 0.762037 0.024479 0.024074
3 0.860417 0.752315 0.015625 0.036111
3 0.892969 0.744444 0.018229 0.031481
3 0.93724 0.728241 0.020313 0.015741
3 0.568229 0.743056 0.017708 0.021296
3 0.533073 0.752315 0.018229 0.015741
3 0.25599 0.783333 0.030729 0.02037
3 0.192188 0.747685 0.017708 0.023148
3 0.236719 0.741204 0.015104 0.023148
3 0.261979 0.731944 0.011458 0.013889
2 0.217188 0.698611 0.052083 0.037963
2 0.301042 0.682407 0.080208 0.031481
2 0.476562 0.69213 0.113542 0.049074
2 0.054948 0.687963 0.040104 0.025926
2 0.142187 0.687037 0.029167 0.02037
