3 0.403906 0.484259 0.015104 0.016667
3 0.430729 0.476389 0.011458 0.012037
3 0.708854 0.473148 0.0125 0.016667
3 0.805729 0.480093 0.01875 0.025
3 0.946615 0.461574 0.018229 0.021296
3 0.588281 0.475463 0.010937 0.017593
3 0.277865 0.485185 0.016146 0.014815
3 0.198437 0.492593 0.010417 0.014815
3 0.12474 0.491204 0.015104 0.025
1 0.640625 0.398148 0.069792 0.038889
2 0.559115 0.412037 0.031771 0.024074
2 0.525 0.416204 0.017708 0.017593
2 0.590625 0.411111 0.025 0.022222
2 0.306771 0.439815 0.0375 0.031481
2 0.353125 0.424074 0.039583 0.025926
2 0.063281 0.475463 0.038021 0.032407
2 0.204167 0.464815 0.040625 0.024074
9 0.173177 0.4125 0.009896 0.078704
