2 0.240104 0.574537 0.053125 0.037963
2 0.358333 0.583333 0.04375 0.053704
2 0.394271 0.549537 0.038542 0.026852
2 0.421615 0.566667 0.054688 0.022222
2 0.460938 0.543056 0.040625 0.043519
2 0.511198 0.548148 0.056771 0.037037
2 0.556771 0.569444 0.051042 0.059259
2 0.639062 0.535185 0.044792 0.044444
2 0.676042 0.536111 0.055208 0.031481
2 0.709896 0.556019 0.060417 0.049074
2 0.797135 0.501389 0.044271 0.019444
2 0.79349 0.537037 0.049479 0.044444
2 0.869792 0.503704 0.033333 0.05
2 0.91276 0.525 0.050521 0.064815
2 0.979167 0.575463 0.041667 0.078704
