9 0.043229 0.706481 0.0375 0.237037
9 0.079427 0.738889 0.034896 0.168519
2 0.435156 0.869444 0.092188 0.061111
2 0.499479 0.835648 0.0625 0.028704
2 0.538021 0.831481 0.032292 0.027778
2 0.57474 0.82037 0.042188 0.02037
2 0.6625 0.810185 0.03125 0.025926
7 0.620833 0.797222 0.05 0.040741
13 0.43151 0.820833 0.024479 0.067593
13 0.488542 0.802315 0.0125 0.050926
13 0.663542 0.786574 0.011458 0.037963
13 0.578646 0.802315 0.010417 0.025
2 0.329427 0.809259 0.034896 0.018519
2 0.365365 0.805556 0.036979 0.016667
2 0.919271 0.764352 0.055208 0.025
