8 0.215104 0.652315 0.429167 0.049074
3 0.054948 0.727778 0.013021 0.014815
3 0.115625 0.726852 0.011458 0.014815
3 0.175 0.725463 0.013542 0.017593
3 0.235937 0.724537 0.010417 0.015741
3 0.299479 0.719907 0.0125 0.013889
3 0.3625 0.720833 0.008333 0.017593
3 0.422396 0.717593 0.014583 0.014815
3 0.486458 0.713889 0.013542 0.02037
3 0.550781 0.710648 0.010937 0.013889
3 0.611198 0.708796 0.013021 0.013889
3 0.672917 0.699074 0.0125 0.016667
3 0.734375 0.697222 0.014583 0.014815
3 0.792188 0.694444 0.0125 0.016667
3 0.848437 0.688889 0.011458 0.016667
3 0.904427 0.684259 0.014063 0.022222
