2 0.033333 0.633796 0.059375 0.091667
2 0.035417 0.558333 0.039583 0.057407
2 0.236458 0.556019 0.040625 0.043519
2 0.294271 0.618056 0.051042 0.082407
2 0.369792 0.544907 0.05 0.047222
2 0.464844 0.593519 0.043229 0.037037
2 0.439844 0.533796 0.044271 0.04537
2 0.503646 0.545833 0.030208 0.028704
2 0.525521 0.566667 0.041667 0.038889
2 0.558594 0.52963 0.022396 0.035185
2 0.585938 0.535185 0.026042 0.031481
2 0.61849 0.527315 0.035937 0.034259
2 0.616667 0.568519 0.036458 0.05
2 0.657292 0.569907 0.041667 0.047222
2 0.667448 0.528241 0.033854 0.032407
2 0.709115 0.530556 0.026562 0.022222
2 0.734635 0.543981 0.025521 0.021296
2 0.777865 0.533333 0.029687 0.016667
2 0.838542 0.560648 0.035417 0.041667
2 0.886719 0.57037 0.046354 0.053704
2 0.176042 0.524074 0.028125 0.02963
7 0.232813 0.511574 0.033333 0.032407
