2 0.496615 0.677315 0.107813 0.032407
1 0.961458 0.608796 0.077083 0.065741
1 0.514583 0.631944 0.089583 0.063889
2 0.253906 0.647222 0.027604 0.022222
2 0.198698 0.65463 0.029687 0.025926
2 0.030469 0.650463 0.024479 0.028704
3 0.592708 0.750926 0.023958 0.037037
3 0.444792 0.754167 0.01875 0.032407
3 0.50599 0.736574 0.019271 0.032407
3 0.18125 0.737037 0.01875 0.025926
3 0.286719 0.730556 0.010937 0.022222
3 0.366146 0.735185 0.013542 0.018519
3 0.398958 0.735185 0.014583 0.022222
3 0.385156 0.7375 0.015104 0.034259
3 0.802083 0.727778 0.014583 0.031481
3 0.977865 0.713426 0.014063 0.037963
3 0.958594 0.719444 0.018229 0.02963
3 0.78151 0.731481 0.015104 0.022222
3 0.633854 0.735648 0.017708 0.030556
3 0.473958 0.747222 0.015625 0.027778
3 0.324219 0.72037 0.011979 0.02037
