3 0.59974 0.918519 0.023438 0.027778
3 0.349219 0.931019 0.010937 0.017593
3 0.367188 0.931481 0.013542 0.022222
3 0.328385 0.899537 0.022396 0.023148
3 0.389062 0.89213 0.010417 0.023148
3 0.532813 0.875 0.014583 0.02963
3 0.81224 0.968519 0.023438 0.014815
3 0.910417 0.876389 0.016667 0.017593
3 0.78724 0.896759 0.013021 0.023148
2 0.113542 0.818056 0.047917 0.04537
2 0.565365 0.811111 0.101562 0.051852
2 0.779167 0.802315 0.048958 0.025
2 0.835938 0.784722 0.048958 0.034259
3 0.671094 0.843056 0.010937 0.015741
3 0.74974 0.859722 0.007812 0.023148
3 0.797135 0.855556 0.013021 0.016667
3 0.985417 0.862037 0.017708 0.018519
