9 0.046354 0.714352 0.039583 0.24537
9 0.078906 0.736111 0.030729 0.172222
2 0.415104 0.877778 0.116667 0.05
2 0.479687 0.851852 0.028125 0.025926
2 0.514323 0.833796 0.049479 0.026852
2 0.566406 0.809259 0.039062 0.025926
2 0.64974 0.797685 0.028646 0.017593
7 0.610677 0.793056 0.047396 0.037963
13 0.390365 0.830556 0.032813 0.061111
13 0.43776 0.818056 0.017188 0.082407
13 0.470573 0.816667 0.019271 0.048148
13 0.496354 0.812963 0.015625 0.024074
13 0.516667 0.813426 0.009375 0.034259
13 0.563542 0.794444 0.008333 0.024074
13 0.651823 0.778241 0.008854 0.032407
2 0.896354 0.759259 0.064583 0.046296
2 0.970833 0.740741 0.025 0.022222
