7 0.33099 0.706481 0.117188 0.074074
2 0.567969 0.80787 0.167187 0.049074
2 0.791667 0.790741 0.179167 0.068519
2 0.951042 0.953241 0.097917 0.091667
9 0.642188 0.665741 0.016667 0.085185
2 0.686458 0.654167 0.069792 0.023148
2 0.782031 0.655093 0.063021 0.025
2 0.507031 0.659259 0.046354 0.012963
2 0.899219 0.639352 0.077604 0.028704
3 0.627344 0.881019 0.017188 0.023148
3 0.339844 0.896296 0.011979 0.018519
3 0.761719 0.859259 0.016146 0.02037
3 0.78151 0.850463 0.028646 0.030556
3 0.817969 0.849537 0.016146 0.034259
3 0.886719 0.855556 0.019271 0.024074
3 0.915885 0.867593 0.022396 0.022222
