8 0.223958 0.652778 0.446875 0.040741
3 0.028906 0.727778 0.013021 0.014815
3 0.086198 0.725 0.011979 0.011111
3 0.145052 0.725 0.009896 0.014815
3 0.20625 0.725463 0.013542 0.015741
3 0.266406 0.722222 0.011979 0.012963
3 0.329948 0.719444 0.016146 0.012963
3 0.392448 0.717593 0.015104 0.014815
3 0.454427 0.714352 0.015104 0.015741
3 0.517969 0.712963 0.015104 0.012963
3 0.583073 0.708333 0.009896 0.016667
3 0.644531 0.705093 0.011979 0.019444
3 0.825521 0.690741 0.0125 0.018519
3 0.883333 0.686111 0.013542 0.012963
3 0.765885 0.696296 0.013021 0.02037
