2 0.406771 0.886574 0.128125 0.049074
2 0.510156 0.833796 0.057813 0.036111
2 0.573698 0.8125 0.040104 0.025
2 0.651042 0.80463 0.038542 0.024074
7 0.611458 0.797685 0.048958 0.04537
2 0.892969 0.768056 0.053646 0.023148
13 0.380208 0.84213 0.026042 0.075
13 0.434375 0.823611 0.028125 0.082407
13 0.463281 0.821296 0.020313 0.046296
13 0.514323 0.819907 0.020313 0.034259
13 0.565104 0.791667 0.025 0.025926
13 0.653125 0.787037 0.021875 0.046296
9 0.04349 0.705093 0.041146 0.232407
9 0.082292 0.735185 0.038542 0.172222
