3 0.073958 0.38287 0.051042 0.091667
1 0.106771 0.146759 0.09375 0.160185
1 0.504427 0.1875 0.272396 0.369444
2 0.188802 0.544444 0.127604 0.1
2 0.384635 0.511111 0.127604 0.172222
2 0.563542 0.456019 0.223958 0.106481
2 0.65 0.54537 0.142708 0.062963
2 0.843229 0.581481 0.257292 0.118519
8 0.783073 0.402315 0.279687 0.343519
13 0.46224 0.085185 0.036979 0.133333
13 0.427083 0.097222 0.039583 0.118519
13 0.560937 0.085648 0.033333 0.139815
13 0.717187 0.387963 0.045833 0.090741
13 0.718229 0.360648 0.053125 0.100926
13 0.774219 0.382407 0.041146 0.251852
13 0.835938 0.384722 0.029167 0.250926
13 0.872917 0.372222 0.0375 0.253704
13 0.805469 0.381944 0.028646 0.237963
13 0.774219 0.235185 0.024479 0.088889
13 0.758333 0.252315 0.022917 0.091667
