2 0.215365 0.661111 0.031771 0.02037
4 0.285417 0.663889 0.020833 0.016667
4 0.430469 0.675926 0.026562 0.018519
4 0.571875 0.67963 0.021875 0.014815
2 0.635677 0.678241 0.040104 0.021296
7 0.550521 0.664815 0.015625 0.02037
3 0.76224 0.741667 0.010937 0.022222
3 0.806771 0.74213 0.010417 0.019444
3 0.84375 0.741204 0.010417 0.017593
3 0.979167 0.740741 0.013542 0.022222
3 0.708333 0.743056 0.011458 0.019444
3 0.719531 0.743056 0.009896 0.025
3 0.728385 0.740741 0.014063 0.022222
3 0.882031 0.738889 0.011979 0.018519
3 0.948438 0.744444 0.0125 0.022222
3 0.044792 0.703704 0.013542 0.018519
