3 0.077344 0.690741 0.015104 0.025926
3 0.173698 0.671296 0.015104 0.022222
3 0.129688 0.652778 0.013542 0.025926
3 0.044792 0.637037 0.013542 0.025926
3 0.017708 0.651852 0.013542 0.025926
3 0.104688 0.633333 0.013542 0.025926
3 0.115625 0.634259 0.013542 0.025926
3 0.190625 0.625926 0.013542 0.025926
3 0.202083 0.621296 0.013542 0.025926
3 0.217708 0.616667 0.013542 0.025926
3 0.246875 0.632407 0.013542 0.025926
3 0.277083 0.606481 0.013542 0.025926
3 0.339583 0.640741 0.013542 0.025926
3 0.367708 0.609259 0.013542 0.025926
3 0.423438 0.593519 0.013542 0.025926
3 0.545833 0.613889 0.013542 0.025926
3 0.600521 0.598148 0.013542 0.025926
3 0.646875 0.586111 0.013542 0.025926
3 0.729167 0.582407 0.013542 0.025926
3 0.770312 0.562037 0.013542 0.025926
3 0.967708 0.586111 0.013542 0.025926
3 0.060937 0.62037 0.013542 0.025926
1 0.628906 0.516204 0.193229 0.089815
2 0.417448 0.5625 0.051562 0.015741
2 0.088281 0.593056 0.051562 0.015741
