3 0.06224 0.726852 0.009896 0.014815
3 0.124479 0.727315 0.011458 0.015741
3 0.184896 0.726852 0.011458 0.012963
3 0.246094 0.724074 0.015104 0.018519
3 0.309896 0.721296 0.010417 0.016667
3 0.371094 0.716667 0.010937 0.018519
3 0.433073 0.714815 0.013021 0.014815
3 0.497135 0.711574 0.013021 0.015741
3 0.557292 0.708333 0.013542 0.018519
3 0.617969 0.701852 0.009896 0.016667
3 0.676823 0.700463 0.011979 0.015741
3 0.735156 0.694907 0.009896 0.017593
3 0.790625 0.691204 0.0125 0.013889
3 0.84401 0.685185 0.009896 0.014815
3 0.90599 0.681481 0.010937 0.016667
8 0.191406 0.655556 0.380729 0.051852
