2 0.427865 0.840741 0.097396 0.053704
2 0.48724 0.821296 0.049479 0.035185
2 0.527083 0.814352 0.0375 0.026852
2 0.567708 0.799537 0.048958 0.019444
2 0.654427 0.790278 0.034896 0.021296
7 0.61276 0.777315 0.053646 0.039815
13 0.417708 0.796296 0.022917 0.061111
13 0.442188 0.780556 0.020833 0.083333
13 0.484896 0.783796 0.017708 0.043519
13 0.65599 0.765278 0.011979 0.036111
9 0.040365 0.674537 0.039062 0.239815
9 0.079167 0.702778 0.034375 0.166667
2 0.324479 0.782407 0.036458 0.02037
2 0.361198 0.777315 0.036979 0.019444
2 0.909115 0.75463 0.052604 0.02037
