1 0.102344 0.142593 0.088021 0.151852
3 0.069271 0.381944 0.052083 0.080556
2 0.189323 0.543056 0.129688 0.100926
2 0.37526 0.54213 0.144271 0.163889
2 0.651302 0.538426 0.142187 0.082407
2 0.56224 0.449074 0.242188 0.101852
1 0.509375 0.184722 0.289583 0.367593
2 0.774479 0.6 0.129167 0.068519
2 0.888802 0.578241 0.171354 0.119444
8 0.791406 0.405093 0.272396 0.363889
13 0.464062 0.085648 0.029167 0.139815
13 0.428125 0.096759 0.04375 0.110185
13 0.561458 0.084259 0.032292 0.140741
13 0.713021 0.388426 0.047917 0.087963
13 0.719531 0.364815 0.050521 0.101852
13 0.768229 0.387963 0.05625 0.244444
13 0.814583 0.374537 0.0375 0.232407
13 0.846094 0.383333 0.033854 0.257407
13 0.870833 0.368056 0.036458 0.262037
13 0.780469 0.248611 0.023438 0.097222
13 0.761458 0.253241 0.029167 0.076852
