8 0.147917 0.709259 0.232292 0.040741
3 0.820052 0.832407 0.027604 0.038889
3 0.908854 0.791667 0.021875 0.033333
3 0.976042 0.758333 0.022917 0.033333
3 0.694792 0.786574 0.019792 0.032407
3 0.778385 0.763889 0.018229 0.031481
3 0.884115 0.741204 0.017188 0.030556
3 0.963542 0.720833 0.017708 0.032407
3 0.442708 0.771296 0.0125 0.022222
3 0.492188 0.761111 0.0125 0.022222
3 0.52474 0.752315 0.010937 0.019444
3 0.56276 0.745833 0.011979 0.017593
3 0.611719 0.734722 0.013021 0.017593
3 0.397656 0.785648 0.010937 0.017593
3 0.389844 0.789352 0.016146 0.023148
4 0.497396 0.724074 0.102083 0.061111
4 0.309635 0.742593 0.081771 0.053704
4 0.24349 0.74213 0.040104 0.034259
4 0.153906 0.743519 0.048438 0.027778
