7 0.910937 0.511574 0.08125 0.047222
5 0.09974 0.598148 0.035937 0.024074
5 0.142448 0.591204 0.029687 0.025
5 0.188281 0.614815 0.040104 0.033333
5 0.125521 0.664815 0.03125 0.027778
5 0.026042 0.681944 0.047917 0.039815
5 0.273438 0.600463 0.040625 0.026852
5 0.257812 0.506019 0.033333 0.030556
5 0.288281 0.507407 0.027604 0.025926
5 0.335417 0.50787 0.028125 0.025
5 0.447396 0.506481 0.166667 0.02963
5 0.716406 0.515741 0.021354 0.02037
5 0.169271 0.506019 0.03125 0.017593
5 0.563802 0.514815 0.019271 0.012963
5 0.608854 0.522222 0.028125 0.025926
