5 0.11875 0.594907 0.078125 0.050926
5 0.189583 0.58287 0.052083 0.047222
5 0.150781 0.686574 0.048438 0.032407
5 0.219792 0.687963 0.05 0.040741
5 0.322135 0.664815 0.040104 0.035185
5 0.283594 0.59537 0.035937 0.02963
5 0.339844 0.594907 0.033854 0.032407
5 0.381771 0.624537 0.045833 0.028704
5 0.459635 0.598148 0.031771 0.024074
5 0.060937 0.502778 0.035417 0.024074
5 0.147917 0.504167 0.079167 0.026852
5 0.448437 0.50787 0.036458 0.021296
5 0.365885 0.513426 0.047396 0.030556
5 0.48151 0.509259 0.033854 0.022222
5 0.526042 0.516204 0.026042 0.025
5 0.638802 0.509722 0.170313 0.037963
5 0.911458 0.521759 0.021875 0.025
5 0.751823 0.52037 0.015104 0.024074
5 0.800781 0.52037 0.023438 0.018519
