3 0.473438 0.721296 0.010417 0.014815
3 0.690104 0.744444 0.019792 0.024074
2 0.577865 0.711574 0.191146 0.056481
2 0.30625 0.657407 0.117708 0.044444
2 0.161719 0.669444 0.114062 0.035185
2 0.069271 0.633796 0.085417 0.023148
2 0.398438 0.656944 0.055208 0.021296
2 0.465885 0.664815 0.051562 0.018519
2 0.50599 0.666667 0.058854 0.022222
2 0.618229 0.669444 0.064583 0.024074
2 0.676042 0.669444 0.04375 0.02037
2 0.793229 0.673148 0.070833 0.025926
2 0.910937 0.673148 0.052083 0.02037
2 0.973437 0.671759 0.053125 0.025
