1 0.147656 0.684722 0.172396 0.108333
1 0.041667 0.680556 0.082292 0.081481
1 0.63724 0.68287 0.124479 0.065741
2 0.783333 0.769444 0.073958 0.066667
3 0.979167 0.795833 0.013542 0.026852
3 0.946094 0.791667 0.015104 0.025926
3 0.911458 0.788889 0.013542 0.024074
3 0.961458 0.786574 0.013542 0.025
3 0.886198 0.777778 0.014063 0.025926
3 0.85026 0.783333 0.015104 0.027778
3 0.838021 0.773148 0.014583 0.024074
3 0.683073 0.769444 0.015104 0.02037
3 0.653125 0.765278 0.014583 0.017593
3 0.628646 0.762963 0.011458 0.016667
3 0.601562 0.760185 0.011458 0.02037
