1 0.057813 0.812037 0.092708 0.092593
1 0.133854 0.799074 0.063542 0.083333
2 0.203385 0.825926 0.041146 0.018519
2 0.30625 0.819444 0.033333 0.022222
1 0.742188 0.773148 0.125 0.088889
2 0.595573 0.799074 0.033854 0.02037
3 0.784896 0.918056 0.029167 0.034259
3 0.89375 0.928704 0.023958 0.035185
3 0.723437 0.927315 0.027083 0.037963
3 0.24974 0.912037 0.018229 0.025926
3 0.132812 0.906481 0.021875 0.031481
3 0.052865 0.919907 0.022396 0.034259
3 0.196354 0.923148 0.01875 0.025926
3 0.273177 0.906481 0.016146 0.033333
3 0.309375 0.904167 0.0125 0.030556
3 0.343229 0.931481 0.017708 0.027778
3 0.36276 0.929167 0.016146 0.034259
3 0.378125 0.930093 0.017708 0.032407
3 0.409115 0.921296 0.015104 0.033333
3 0.440885 0.91713 0.018229 0.030556
3 0.514583 0.908796 0.016667 0.032407
3 0.545573 0.932407 0.020313 0.025926
3 0.561198 0.929167 0.015104 0.026852
3 0.578646 0.931019 0.015625 0.023148
3 0.101042 0.893056 0.013542 0.019444
