2 0.116667 0.810185 0.117708 0.025926
2 0.084375 0.77963 0.038542 0.035185
1 0.326302 0.768056 0.080729 0.058333
1 0.375 0.763426 0.054167 0.075
1 0.903385 0.732407 0.113021 0.085185
2 0.767188 0.755556 0.030208 0.02037
3 0.164583 0.869907 0.0125 0.019444
3 0.255208 0.868981 0.0125 0.021296
3 0.273177 0.867593 0.013021 0.02037
3 0.355729 0.868981 0.0125 0.021296
3 0.36875 0.868981 0.016667 0.023148
3 0.423177 0.859722 0.014063 0.013889
3 0.483073 0.866204 0.016146 0.019444
3 0.533333 0.85463 0.015625 0.022222
3 0.504427 0.8625 0.015104 0.025
3 0.552344 0.856019 0.013021 0.021296
3 0.576302 0.85 0.011979 0.02037
3 0.62526 0.867593 0.018229 0.025926
3 0.641667 0.865741 0.017708 0.027778
3 0.65651 0.863426 0.018229 0.032407
3 0.682552 0.857407 0.018229 0.027778
3 0.707031 0.855093 0.020313 0.030556
3 0.7625 0.839815 0.017708 0.02963
3 0.803125 0.861574 0.013542 0.028704
3 0.964323 0.861574 0.023438 0.032407
3 0.81849 0.857407 0.015104 0.025926
3 0.386458 0.844907 0.017708 0.025
3 0.082031 0.862963 0.009896 0.02963
3 0.118229 0.855093 0.0125 0.021296
3 0.132031 0.855556 0.014063 0.02037
3 0.217708 0.841667 0.011458 0.022222
3 0.238021 0.855556 0.009375 0.022222
3 0.320312 0.840741 0.010417 0.025926
