2 0.588281 0.759259 0.105729 0.051852
2 0.792969 0.758333 0.075521 0.024074
1 0.867708 0.742593 0.046875 0.042593
3 0.754948 0.887963 0.020313 0.027778
3 0.582552 0.84213 0.022396 0.032407
3 0.767448 0.836111 0.019271 0.027778
3 0.886719 0.83287 0.016146 0.019444
3 0.967448 0.831944 0.019271 0.030556
3 0.204687 0.825463 0.0125 0.017593
3 0.333854 0.822222 0.017708 0.02037
3 0.357812 0.848148 0.020833 0.024074
3 0.396875 0.820833 0.019792 0.030556
2 0.145052 0.7625 0.056771 0.032407
9 0.049219 0.64213 0.013021 0.225
9 0.095833 0.660185 0.013542 0.207407
9 0.070833 0.633333 0.021875 0.248148
2 0.693229 0.751389 0.033333 0.017593
