3 0.014583 0.484722 0.013542 0.015741
3 0.109375 0.481944 0.013542 0.015741
3 0.154688 0.46713 0.013542 0.015741
3 0.170052 0.478241 0.017188 0.015741
3 0.23776 0.477315 0.017188 0.015741
3 0.30651 0.479167 0.017188 0.015741
3 0.441406 0.464352 0.017188 0.015741
3 0.534115 0.469907 0.017188 0.015741
3 0.601823 0.470833 0.017188 0.015741
3 0.628385 0.471759 0.017188 0.015741
3 0.729948 0.455093 0.017188 0.015741
3 0.989844 0.463426 0.017188 0.015741
1 0.208333 0.386574 0.1875 0.084259
2 0.31901 0.422685 0.140104 0.026852
2 0.754948 0.40463 0.140104 0.02963
