5 0.1375 0.678241 0.116667 0.060185
5 0.248177 0.668056 0.078646 0.080556
5 0.194271 0.820833 0.088542 0.063889
5 0.541667 0.719444 0.057292 0.040741
5 0.694271 0.698148 0.090625 0.042593
5 0.482812 0.675463 0.061458 0.032407
5 0.413802 0.699074 0.039062 0.040741
5 0.054167 0.553241 0.047917 0.023148
5 0.135677 0.552315 0.025521 0.023148
5 0.522135 0.559722 0.065104 0.030556
5 0.658073 0.554167 0.051562 0.026852
5 0.698958 0.556019 0.036458 0.023148
5 0.770312 0.5625 0.03125 0.015741
5 0.907292 0.556481 0.185417 0.042593
5 0.291146 0.821759 0.080208 0.050926
5 0.454167 0.802315 0.063542 0.049074
5 0.201563 0.557407 0.098958 0.02037
5 0.805208 0.5625 0.019792 0.021296
