3 0.660677 0.955556 0.022396 0.038889
3 0.456771 0.956944 0.022917 0.039815
3 0.335938 0.955093 0.025 0.025
1 0.445573 0.812037 0.117188 0.090741
2 0.315365 0.844907 0.032813 0.017593
2 0.026823 0.867593 0.036979 0.02037
3 0.896875 0.978704 0.021875 0.031481
3 0.409635 0.941204 0.019271 0.036111
3 0.214583 0.948611 0.017708 0.030556
3 0.179688 0.951389 0.017708 0.030556
3 0.033594 0.956019 0.018229 0.028704
3 0.015625 0.956019 0.0125 0.030556
3 0.081771 0.947685 0.015625 0.030556
3 0.278385 0.941204 0.019271 0.017593
3 0.478646 0.955093 0.01875 0.034259
