2 0.096615 0.7 0.022396 0.022222
2 0.153385 0.690741 0.036979 0.022222
2 0.217448 0.688426 0.035937 0.017593
2 0.246615 0.706019 0.044271 0.026852
2 0.317708 0.685185 0.026042 0.018519
2 0.370052 0.687037 0.023438 0.024074
2 0.416927 0.673611 0.038021 0.017593
2 0.453125 0.686111 0.036458 0.027778
2 0.499479 0.668056 0.022917 0.015741
2 0.602604 0.673148 0.034375 0.022222
2 0.634375 0.668519 0.03125 0.022222
2 0.688542 0.6625 0.036458 0.025
2 0.735156 0.64537 0.026562 0.025926
2 0.789323 0.653704 0.041146 0.022222
2 0.842969 0.639352 0.031771 0.013889
2 0.898438 0.638426 0.04375 0.017593
2 0.957292 0.623611 0.019792 0.019444
1 0.614323 0.643981 0.028646 0.030556
