5 0.099219 0.67963 0.124479 0.068519
5 0.210156 0.665278 0.079687 0.082407
5 0.444531 0.678241 0.050521 0.049074
5 0.509375 0.723148 0.059375 0.033333
5 0.155469 0.825463 0.101562 0.065741
5 0.263802 0.825926 0.086979 0.05
5 0.398438 0.803241 0.102083 0.050926
5 0.374219 0.690741 0.044271 0.040741
5 0.646615 0.701389 0.053646 0.050926
5 0.022135 0.55 0.042188 0.02963
5 0.478646 0.556944 0.047917 0.021296
5 0.620313 0.556481 0.047917 0.022222
5 0.664062 0.559722 0.044792 0.032407
5 0.73724 0.557407 0.049479 0.031481
5 0.888542 0.558796 0.222917 0.043519
5 0.169271 0.550463 0.098958 0.021296
5 0.101302 0.552315 0.021354 0.017593
5 0.771354 0.561111 0.017708 0.027778
