3 0.18724 0.812963 0.015104 0.02963
2 0.021354 0.721759 0.041667 0.04537
2 0.032552 0.648148 0.011979 0.02963
2 0.050521 0.655093 0.014583 0.030556
2 0.080729 0.656019 0.032292 0.034259
2 0.076823 0.686574 0.033854 0.025
2 0.104427 0.69537 0.036979 0.038889
2 0.17474 0.664815 0.032813 0.035185
2 0.176823 0.64213 0.045312 0.036111
2 0.234635 0.679167 0.027604 0.028704
2 0.266667 0.697685 0.04375 0.034259
2 0.345833 0.674074 0.030208 0.027778
2 0.398438 0.670833 0.03125 0.023148
2 0.376042 0.714352 0.073958 0.047222
2 0.809896 0.709259 0.065625 0.051852
2 0.878385 0.743981 0.105729 0.058333
2 0.511979 0.747222 0.084375 0.048148
2 0.58151 0.681944 0.053646 0.043519
2 0.502083 0.693981 0.058333 0.039815
2 0.539844 0.719444 0.076563 0.046296
2 0.69375 0.725926 0.095833 0.057407
2 0.258854 0.733796 0.028125 0.023148
2 0.757292 0.671296 0.042708 0.035185
2 0.972396 0.676852 0.055208 0.051852
2 0.902344 0.692593 0.049479 0.038889
2 0.942969 0.70787 0.049479 0.037963
2 0.689323 0.688889 0.031771 0.02963
