1 0.641146 0.454167 0.196875 0.082407
2 0.42526 0.50463 0.047396 0.014815
2 0.095573 0.544444 0.052604 0.024074
3 0.011719 0.643519 0.017188 0.02963
3 0.123958 0.626852 0.019792 0.02963
3 0.220573 0.610648 0.020313 0.025
3 0.381771 0.57963 0.015625 0.02963
3 0.584115 0.54537 0.017188 0.022222
3 0.636198 0.533796 0.013021 0.021296
3 0.682292 0.522685 0.013542 0.028704
3 0.757552 0.508333 0.013021 0.027778
3 0.798177 0.497222 0.018229 0.035185
3 0.278646 0.57037 0.010417 0.025926
3 0.166927 0.59213 0.017188 0.019444
3 0.045312 0.614815 0.014583 0.02037
3 0.035677 0.602315 0.011979 0.015741
3 0.06901 0.585185 0.013021 0.018519
3 0.228906 0.565741 0.010937 0.018519
3 0.244271 0.563889 0.014583 0.022222
3 0.136198 0.586111 0.011979 0.022222
3 0.398698 0.55 0.011979 0.022222
3 0.454167 0.538426 0.011458 0.017593
3 0.477083 0.531944 0.017708 0.019444
3 0.496615 0.526389 0.015104 0.025
