3 0.309115 0.733796 0.026562 0.043519
3 0.376302 0.694907 0.013021 0.025
1 0.567969 0.613426 0.095312 0.069444
2 0.598698 0.669444 0.092188 0.042593
2 0.276823 0.633333 0.032813 0.031481
2 0.22474 0.637037 0.032813 0.035185
3 0.718229 0.758333 0.022917 0.040741
3 0.694792 0.762037 0.019792 0.02963
3 0.564844 0.735648 0.021354 0.030556
3 0.581771 0.731944 0.022917 0.032407
3 0.44375 0.722222 0.017708 0.02963
3 0.649219 0.709722 0.017188 0.034259
3 0.66276 0.711574 0.010937 0.034259
3 0.6 0.73287 0.017708 0.039815
3 0.910937 0.746296 0.032292 0.044444
