2 0.378125 0.723611 0.057292 0.049074
2 0.818229 0.759259 0.094792 0.035185
3 0.754687 0.789352 0.0125 0.021296
3 0.670833 0.768981 0.011458 0.019444
3 0.886458 0.843519 0.019792 0.025926
3 0.986458 0.794907 0.011458 0.017593
2 0.90625 0.744907 0.064583 0.021296
4 0.440104 0.778241 0.021875 0.034259
9 0.859115 0.600926 0.020313 0.283333
9 0.815885 0.631944 0.017188 0.212037
9 0.782813 0.644907 0.017708 0.176852
9 0.845573 0.675463 0.015104 0.132407
9 0.83099 0.665278 0.009896 0.15463
1 0.139323 0.664815 0.035937 0.040741
1 0.233854 0.668519 0.019792 0.037037
2 0.323177 0.690278 0.025521 0.017593
1 0.447135 0.686574 0.024479 0.043519
2 0.491406 0.706944 0.024479 0.019444
2 0.728646 0.728704 0.0375 0.025926
