4 0.032813 0.734259 0.055208 0.062963
3 0.135937 0.755556 0.019792 0.018519
3 0.182292 0.746759 0.016667 0.017593
3 0.252344 0.749074 0.010937 0.022222
3 0.273177 0.739815 0.009896 0.014815
3 0.328906 0.776852 0.010937 0.016667
3 0.45026 0.782407 0.016146 0.016667
3 0.477865 0.777315 0.010937 0.017593
3 0.614323 0.781481 0.013021 0.016667
3 0.685417 0.792593 0.009375 0.012963
3 0.772396 0.810185 0.009375 0.014815
3 0.951042 0.816667 0.014583 0.025926
3 0.91849 0.813889 0.015104 0.011111
3 0.863021 0.803704 0.011458 0.016667
3 0.822135 0.800926 0.009896 0.016667
3 0.742708 0.781944 0.019792 0.017593
