2 0.094271 0.536111 0.03125 0.031481
2 0.154948 0.609259 0.044271 0.064815
2 0.035417 0.514815 0.027083 0.044444
2 0.220833 0.524074 0.051042 0.02963
2 0.241667 0.5375 0.03125 0.019444
2 0.296875 0.530093 0.040625 0.028704
2 0.32474 0.585648 0.038021 0.032407
2 0.367188 0.539352 0.040625 0.026852
2 0.388021 0.560648 0.032292 0.032407
2 0.41849 0.516204 0.025521 0.028704
2 0.480469 0.530556 0.034896 0.033333
2 0.446615 0.526389 0.032813 0.025
2 0.460417 0.554167 0.035417 0.030556
2 0.482292 0.581019 0.034375 0.049074
2 0.51849 0.562963 0.047396 0.037037
2 0.53099 0.533796 0.032813 0.025
2 0.572917 0.533796 0.022917 0.025
2 0.594792 0.546296 0.029167 0.02037
2 0.640365 0.540741 0.042188 0.033333
2 0.696094 0.558333 0.039062 0.053704
2 0.739844 0.582407 0.048438 0.055556
2 0.851562 0.586574 0.041667 0.058333
2 0.890365 0.575463 0.032813 0.041667
7 0.096094 0.485648 0.034896 0.043519
4 0.611458 0.593056 0.03125 0.028704
