5 0.504427 0.610185 0.057813 0.024074
5 0.658854 0.605093 0.054167 0.034259
5 0.710938 0.613426 0.052083 0.034259
5 0.78724 0.609259 0.042188 0.025926
5 0.823958 0.6125 0.014583 0.023148
5 0.922917 0.606944 0.154167 0.04537
5 0.135937 0.606019 0.133333 0.019444
5 0.08099 0.743981 0.128646 0.058333
5 0.20625 0.734259 0.079167 0.077778
5 0.140885 0.90787 0.098437 0.063889
5 0.263542 0.907407 0.1125 0.061111
5 0.36875 0.758796 0.078125 0.043519
5 0.471094 0.749537 0.071354 0.039815
5 0.53724 0.799537 0.063021 0.036111
5 0.713802 0.775463 0.111979 0.021296
5 0.43724 0.877778 0.061979 0.048148
