2 0.335677 0.518056 0.104688 0.05463
2 0.152083 0.50463 0.077083 0.040741
2 0.077604 0.518519 0.05625 0.044444
3 0.13151 0.579167 0.015104 0.017593
3 0.146354 0.58287 0.015625 0.023148
3 0.571875 0.599537 0.013542 0.015741
3 0.636458 0.594444 0.019792 0.027778
3 0.673698 0.583796 0.019271 0.026852
3 0.7 0.581481 0.015625 0.014815
3 0.869792 0.631019 0.022917 0.023148
3 0.889323 0.622222 0.023438 0.033333
3 0.922917 0.609259 0.016667 0.031481
3 0.942708 0.598611 0.019792 0.021296
3 0.386458 0.574074 0.020833 0.018519
3 0.414062 0.575463 0.020833 0.025
3 0.451302 0.565278 0.015104 0.025
