3 0.544792 0.921296 0.023958 0.031481
3 0.558594 0.910648 0.021354 0.026852
3 0.600521 0.881019 0.025 0.039815
3 0.645573 0.856944 0.019271 0.028704
3 0.673438 0.8375 0.019792 0.032407
3 0.710417 0.822685 0.017708 0.025
3 0.744271 0.8 0.019792 0.025926
3 0.785677 0.783333 0.018229 0.022222
3 0.817969 0.770833 0.016146 0.023148
3 0.841146 0.762037 0.014583 0.024074
3 0.871615 0.757407 0.011979 0.014815
3 0.68099 0.779167 0.013021 0.021296
3 0.295052 0.872685 0.015104 0.023148
3 0.284375 0.830093 0.015625 0.026852
3 0.32526 0.820833 0.016146 0.023148
3 0.34401 0.850463 0.021354 0.032407
3 0.388281 0.835185 0.013021 0.024074
3 0.441406 0.822222 0.015104 0.025926
3 0.3875 0.812963 0.013542 0.02037
4 0.523698 0.790741 0.130729 0.114815
4 0.213021 0.808333 0.11875 0.061111
4 0.070052 0.791204 0.103646 0.041667
13 0.128125 0.777778 0.0125 0.055556
13 0.197135 0.781019 0.027604 0.075
