2 0.686979 0.861111 0.084375 0.07963
2 0.821615 0.828704 0.063021 0.051852
2 0.890104 0.812963 0.047917 0.035185
2 0.939844 0.805556 0.045312 0.027778
13 0.672396 0.834722 0.028125 0.076852
13 0.694792 0.81713 0.020833 0.082407
13 0.80599 0.804167 0.021354 0.060185
13 0.898438 0.798148 0.013542 0.022222
9 0.158594 0.727315 0.035937 0.243519
9 0.229948 0.707407 0.046354 0.274074
9 0.45 0.74213 0.021875 0.163889
9 0.501302 0.743056 0.048438 0.182407
9 0.561719 0.73287 0.060937 0.191667
9 0.010156 0.743056 0.019271 0.243519
