2 0.422396 0.862963 0.10625 0.055556
2 0.485417 0.839815 0.030208 0.033333
2 0.520573 0.825926 0.042188 0.025926
2 0.56875 0.804167 0.047917 0.032407
7 0.614583 0.77963 0.04375 0.025926
13 0.403125 0.821296 0.025 0.07037
13 0.439583 0.807407 0.020833 0.090741
13 0.477604 0.809259 0.021875 0.046296
13 0.517969 0.80463 0.020313 0.040741
13 0.56224 0.780556 0.019271 0.044444
13 0.651563 0.765278 0.013542 0.037963
2 0.901563 0.755093 0.058333 0.026852
2 0.978385 0.734259 0.029687 0.027778
9 0.044271 0.711111 0.038542 0.251852
9 0.075781 0.732407 0.032813 0.183333
