3 0.232813 0.442593 0.010417 0.011111
3 0.454427 0.437963 0.016146 0.02037
3 0.64375 0.433333 0.0125 0.018519
3 0.865365 0.452778 0.015104 0.025926
3 0.765104 0.436574 0.014583 0.021296
3 0.926302 0.419444 0.011979 0.012963
3 0.283073 0.421759 0.029687 0.025
3 0.354167 0.435648 0.010417 0.021296
3 0.322396 0.438889 0.014583 0.016667
2 0.099219 0.41713 0.036979 0.026852
1 0.669531 0.371759 0.059896 0.039815
2 0.588021 0.371759 0.023958 0.025
2 0.621615 0.37963 0.022396 0.02037
2 0.479948 0.382407 0.074479 0.02963
2 0.557292 0.381019 0.022917 0.015741
2 0.346354 0.397685 0.058333 0.036111
2 0.391146 0.383796 0.0625 0.019444
9 0.204687 0.363889 0.011458 0.081481
