3 0.478906 0.947222 0.035937 0.05
3 0.398438 0.906019 0.027083 0.04537
3 0.348438 0.872222 0.021875 0.035185
3 0.31901 0.856481 0.023438 0.031481
3 0.304948 0.839815 0.017188 0.024074
3 0.917708 0.835185 0.026042 0.042593
3 0.799219 0.821759 0.024479 0.034259
3 0.713802 0.810185 0.021354 0.02963
3 0.650521 0.8 0.01875 0.027778
3 0.599219 0.79213 0.017188 0.025
3 0.950781 0.75787 0.020313 0.028704
3 0.882292 0.751389 0.013542 0.025
3 0.828906 0.746759 0.014063 0.025
3 0.786198 0.749074 0.014063 0.022222
3 0.009375 0.828704 0.017708 0.027778
3 0.058594 0.806019 0.013021 0.023148
