2 0.102344 0.608796 0.033854 0.036111
2 0.15599 0.598611 0.041146 0.034259
2 0.342187 0.587963 0.048958 0.025926
2 0.355208 0.657407 0.063542 0.066667
2 0.465104 0.581481 0.048958 0.064815
2 0.585417 0.573611 0.045833 0.049074
2 0.710677 0.573148 0.039062 0.051852
2 0.559896 0.62963 0.069792 0.072222
2 0.84375 0.579167 0.067708 0.075
2 0.751042 0.583333 0.039583 0.061111
2 0.877865 0.668981 0.088021 0.089815
2 0.815885 0.659259 0.061979 0.085185
2 0.627865 0.751389 0.144271 0.113889
2 0.56224 0.682407 0.120313 0.068519
3 0.159635 0.725 0.015104 0.02037
