2 0.091146 0.719907 0.022917 0.025
2 0.145313 0.711574 0.027083 0.015741
2 0.211458 0.710185 0.033333 0.02037
2 0.238802 0.725926 0.040104 0.031481
2 0.31276 0.705093 0.024479 0.025
2 0.351042 0.693981 0.032292 0.025
2 0.364844 0.707407 0.030729 0.024074
2 0.41224 0.692593 0.035937 0.022222
2 0.444792 0.70463 0.0375 0.02963
2 0.472656 0.691667 0.035937 0.024074
2 0.496875 0.6875 0.023958 0.021296
2 0.598958 0.691204 0.028125 0.017593
2 0.627344 0.683333 0.034896 0.022222
2 0.682813 0.679167 0.035417 0.023148
2 0.730208 0.659722 0.029167 0.030556
2 0.785417 0.66713 0.0375 0.026852
2 0.840104 0.652778 0.036458 0.02037
2 0.892708 0.65 0.046875 0.027778
2 0.951562 0.634722 0.023958 0.025
1 0.610417 0.661574 0.029167 0.039815
