2 0.426042 0.85 0.102083 0.053704
2 0.489323 0.825463 0.029687 0.041667
2 0.526042 0.817593 0.039583 0.025926
2 0.569271 0.794444 0.039583 0.027778
7 0.61224 0.779167 0.051562 0.030556
2 0.65599 0.785185 0.029687 0.025926
2 0.906771 0.754167 0.053125 0.025
2 0.980208 0.733333 0.023958 0.018519
13 0.410156 0.803241 0.033854 0.078704
13 0.440365 0.79213 0.019271 0.076852
13 0.48099 0.792593 0.023438 0.051852
13 0.51875 0.793056 0.022917 0.034259
13 0.569792 0.774537 0.015625 0.028704
13 0.654687 0.766204 0.013542 0.043519
9 0.041406 0.686574 0.032813 0.247222
9 0.080729 0.718056 0.03125 0.180556
