1 0.105208 0.14537 0.082292 0.148148
3 0.06875 0.379167 0.052083 0.076852
2 0.180208 0.548611 0.1375 0.080556
2 0.360938 0.578704 0.160417 0.168519
2 0.46875 0.449537 0.255208 0.112037
2 0.653906 0.541204 0.142187 0.082407
2 0.776042 0.600926 0.116667 0.087037
2 0.892708 0.578241 0.183333 0.128704
1 0.513021 0.189352 0.275 0.376852
13 0.429948 0.101852 0.042188 0.109259
13 0.463021 0.083333 0.035417 0.142593
13 0.570312 0.076852 0.027083 0.151852
8 0.807031 0.377778 0.306771 0.377778
13 0.71875 0.386111 0.041667 0.096296
13 0.717708 0.350463 0.048958 0.089815
13 0.766146 0.389815 0.055208 0.244444
13 0.811979 0.376389 0.042708 0.236111
13 0.849219 0.38287 0.032813 0.260185
13 0.875521 0.371296 0.025 0.261111
13 0.779948 0.264815 0.024479 0.127778
13 0.760156 0.261111 0.031771 0.088889
