2 0.055208 0.853241 0.109375 0.086111
2 0.165885 0.825463 0.119271 0.062037
2 0.067969 0.725926 0.053646 0.035185
2 0.126042 0.736111 0.041667 0.025926
2 0.168229 0.743519 0.038542 0.022222
2 0.023698 0.716204 0.032813 0.021296
2 0.036458 0.742593 0.055208 0.031481
2 0.093229 0.766667 0.061458 0.035185
2 0.149479 0.763426 0.063542 0.039815
2 0.22526 0.75 0.049479 0.031481
2 0.251302 0.773148 0.058854 0.031481
2 0.252865 0.794907 0.071354 0.047222
2 0.332292 0.765278 0.030208 0.025
2 0.704948 0.874074 0.059896 0.040741
2 0.370833 0.793981 0.051042 0.032407
2 0.394271 0.808796 0.034375 0.026852
2 0.432812 0.814815 0.046875 0.031481
2 0.469531 0.835648 0.051562 0.04537
2 0.516146 0.844907 0.066667 0.039815
2 0.569271 0.844444 0.055208 0.046296
2 0.5875 0.836574 0.054167 0.028704
2 0.396354 0.844444 0.036458 0.02963
8 0.857031 0.845833 0.285938 0.110185
