3 0.086719 0.94213 0.019271 0.026852
3 0.10625 0.942593 0.019792 0.035185
3 0.122917 0.8625 0.008333 0.019444
3 0.132031 0.864352 0.010937 0.028704
3 0.265625 0.860648 0.011458 0.017593
3 0.272135 0.8625 0.011979 0.025
3 0.424479 0.856944 0.009375 0.019444
3 0.416667 0.858333 0.010417 0.022222
3 0.528646 0.854167 0.010417 0.023148
2 0.217448 0.832407 0.101562 0.040741
2 0.484896 0.814815 0.08125 0.035185
2 0.557292 0.831944 0.121875 0.04537
2 0.811719 0.77963 0.029687 0.024074
2 0.856771 0.774074 0.061458 0.024074
2 0.953125 0.772685 0.038542 0.025
