2 0.100781 0.679167 0.025521 0.023148
2 0.156771 0.673148 0.026042 0.016667
2 0.221354 0.671296 0.030208 0.018519
2 0.252344 0.689815 0.043229 0.033333
2 0.323958 0.67037 0.01875 0.024074
2 0.360156 0.660185 0.033854 0.018519
2 0.37474 0.67037 0.029687 0.02037
2 0.421094 0.660648 0.038021 0.023148
2 0.455208 0.673148 0.038542 0.025926
2 0.479427 0.659722 0.028646 0.026852
2 0.610156 0.663426 0.029687 0.017593
2 0.634635 0.657407 0.036979 0.024074
2 0.69401 0.650926 0.036979 0.025926
2 0.738021 0.636111 0.026042 0.018519
2 0.794271 0.645833 0.038542 0.023148
2 0.846875 0.628704 0.032292 0.018519
2 0.901823 0.630556 0.042188 0.024074
2 0.959115 0.619444 0.022396 0.016667
1 0.619531 0.631944 0.026562 0.034259
