5 0.117448 0.665741 0.082812 0.057407
5 0.030208 0.664815 0.059375 0.051852
5 0.283073 0.689815 0.027604 0.031481
5 0.35026 0.676852 0.050521 0.038889
5 0.420833 0.725463 0.078125 0.047222
5 0.059375 0.830093 0.094792 0.052778
5 0.170052 0.827778 0.081771 0.057407
5 0.33099 0.796296 0.055729 0.055556
5 0.56276 0.702778 0.068229 0.044444
5 0.389844 0.55463 0.051562 0.025926
5 0.533073 0.553704 0.048438 0.027778
5 0.570312 0.556481 0.041667 0.048148
5 0.641146 0.553704 0.04375 0.027778
5 0.829167 0.552778 0.266667 0.046296
5 0.676823 0.561111 0.018229 0.024074
5 0.057552 0.552315 0.114062 0.021296
