3 0.336198 0.814352 0.029687 0.043519
3 0.897917 0.775463 0.022917 0.04537
2 0.215625 0.691204 0.38125 0.221296
2 0.672135 0.806019 0.575521 0.25463
5 0.694271 0.314352 0.019792 0.023148
5 0.489063 0.288889 0.021875 0.018519
5 0.582552 0.317593 0.021354 0.022222
5 0.391406 0.26713 0.019271 0.025
4 0.065885 0.218981 0.031771 0.023148
5 0.551823 0.313426 0.034896 0.025
5 0.66224 0.326852 0.018229 0.024074
5 0.703385 0.335648 0.024479 0.023148
5 0.519531 0.306481 0.030729 0.027778
5 0.43776 0.293981 0.018229 0.028704
5 0.474219 0.299537 0.039062 0.026852
