8 0.179427 0.65 0.357812 0.05
3 0.029427 0.730093 0.013021 0.019444
3 0.089583 0.727778 0.013542 0.02037
3 0.15 0.724074 0.0125 0.016667
3 0.210417 0.722685 0.0125 0.021296
3 0.273698 0.724074 0.017188 0.016667
3 0.334896 0.717593 0.0125 0.014815
3 0.396615 0.718056 0.011979 0.015741
3 0.460938 0.712963 0.0125 0.012963
3 0.525 0.709722 0.013542 0.012037
3 0.584375 0.704167 0.011458 0.013889
3 0.646875 0.699537 0.013542 0.021296
3 0.705469 0.697222 0.011979 0.014815
3 0.761979 0.69213 0.011458 0.013889
3 0.817969 0.684722 0.013021 0.019444
3 0.874479 0.682407 0.0125 0.02037
3 0.935417 0.676389 0.009375 0.015741
