1 0.107031 0.154167 0.085938 0.147222
2 0.175781 0.541204 0.142187 0.102778
3 0.067708 0.380556 0.048958 0.07963
2 0.429167 0.449537 0.254167 0.108333
2 0.353385 0.594907 0.158854 0.173148
2 0.651563 0.539815 0.142708 0.077778
2 0.778125 0.605556 0.126042 0.07963
2 0.906771 0.577778 0.15625 0.101852
1 0.509635 0.186111 0.297396 0.37037
8 0.794531 0.394444 0.284896 0.314815
13 0.46224 0.083796 0.029687 0.137963
13 0.429167 0.090741 0.04375 0.103704
13 0.570573 0.075 0.030729 0.148148
13 0.720313 0.386574 0.047917 0.093519
13 0.714323 0.347685 0.045312 0.084259
13 0.765625 0.389815 0.057292 0.244444
13 0.804948 0.378241 0.036979 0.237963
13 0.845833 0.381944 0.034375 0.247222
13 0.880729 0.372222 0.033333 0.255556
13 0.773438 0.3 0.019792 0.198148
13 0.75625 0.278241 0.027083 0.123148
