3 0.509635 0.830556 0.024479 0.02963
2 0.047917 0.721296 0.030208 0.044444
2 0.064583 0.676389 0.022917 0.017593
2 0.111198 0.678241 0.019271 0.019444
2 0.138281 0.678241 0.020313 0.021296
2 0.210417 0.702778 0.027083 0.040741
2 0.255729 0.670833 0.027083 0.041667
2 0.208594 0.672685 0.018229 0.013889
2 0.29974 0.677778 0.020313 0.024074
2 0.3125 0.748611 0.04375 0.047222
2 0.292187 0.706944 0.042708 0.049074
2 0.358854 0.68287 0.025 0.034259
2 0.392448 0.675463 0.030729 0.043519
2 0.41276 0.720833 0.034896 0.032407
2 0.392188 0.714352 0.028125 0.034259
2 0.476823 0.685648 0.023438 0.056481
2 0.48776 0.668519 0.023438 0.037037
2 0.566406 0.74213 0.041146 0.037963
2 0.534635 0.693981 0.025521 0.036111
2 0.582031 0.712037 0.049479 0.040741
2 0.652083 0.686111 0.029167 0.031481
2 0.708333 0.674074 0.03125 0.02963
2 0.688542 0.721759 0.072917 0.049074
2 0.821615 0.744444 0.089063 0.046296
2 0.895312 0.672685 0.057292 0.037963
2 0.813281 0.692593 0.045312 0.042593
2 0.853125 0.721759 0.072917 0.037963
