2 0.179167 0.69213 0.026042 0.030556
1 0.108594 0.656019 0.032813 0.039815
1 0.202344 0.663426 0.021354 0.026852
4 0.249479 0.725 0.017708 0.02037
3 0.430208 0.747685 0.014583 0.017593
2 0.755729 0.755093 0.1125 0.052778
2 0.683594 0.72963 0.061979 0.027778
2 0.444271 0.706944 0.035417 0.026852
2 0.477865 0.705556 0.032813 0.022222
2 0.639323 0.726389 0.035937 0.021296
9 0.64401 0.6 0.018229 0.22037
9 0.621875 0.622685 0.008333 0.171296
9 0.610417 0.633333 0.010417 0.140741
9 0.711979 0.641204 0.013542 0.149074
9 0.726562 0.61713 0.021875 0.208333
9 0.756771 0.608333 0.014583 0.227778
9 0.77474 0.588889 0.020313 0.27963
9 0.844792 0.616204 0.016667 0.232407
1 0.381771 0.675463 0.019792 0.034259
