2 0.49349 0.652315 0.111979 0.050926
2 0.785677 0.648148 0.053646 0.072222
2 0.771875 0.586574 0.036458 0.039815
2 0.740104 0.556481 0.015625 0.031481
2 0.927083 0.574074 0.040625 0.057407
1 0.78099 0.541667 0.054688 0.042593
2 0.570312 0.584259 0.039583 0.037037
2 0.539583 0.563889 0.026042 0.027778
2 0.472917 0.618981 0.055208 0.04537
2 0.377604 0.598611 0.066667 0.036111
2 0.328906 0.568519 0.045312 0.031481
2 0.2875 0.555556 0.0375 0.024074
2 0.259896 0.586111 0.066667 0.035185
2 0.189062 0.6 0.060417 0.024074
2 0.160156 0.58287 0.050521 0.019444
2 0.128646 0.572222 0.057292 0.024074
2 0.028906 0.584259 0.056771 0.057407
2 0.063542 0.540741 0.044792 0.033333
2 0.15651 0.534722 0.067187 0.039815
2 0.115104 0.551389 0.042708 0.032407
4 0.824219 0.606481 0.023438 0.038889
