1 0.651042 0.425463 0.194792 0.078704
2 0.429167 0.476389 0.05 0.023148
2 0.10026 0.517593 0.051562 0.02037
3 0.030208 0.612037 0.019792 0.035185
3 0.142708 0.598611 0.016667 0.030556
3 0.236719 0.583333 0.020313 0.025926
3 0.401042 0.551389 0.015625 0.030556
3 0.598698 0.518519 0.013021 0.025926
3 0.653906 0.501852 0.008854 0.022222
3 0.698177 0.493519 0.013021 0.02037
3 0.772396 0.478241 0.014583 0.019444
3 0.808073 0.465278 0.011979 0.025
3 0.18151 0.564352 0.015104 0.028704
3 0.293229 0.541667 0.014583 0.02037
3 0.060937 0.590741 0.0125 0.022222
3 0.047396 0.575463 0.010417 0.025
3 0.149479 0.558796 0.014583 0.023148
3 0.158854 0.553241 0.013542 0.019444
3 0.241927 0.536574 0.011979 0.021296
3 0.257031 0.537037 0.016146 0.02037
