2 0.230208 0.806019 0.039583 0.021296
2 0.319271 0.79537 0.026042 0.018519
2 0.460417 0.782407 0.023958 0.018519
2 0.536979 0.777315 0.028125 0.025
3 0.436719 0.864352 0.016146 0.019444
3 0.426563 0.863426 0.014583 0.023148
3 0.38125 0.847685 0.017708 0.017593
3 0.361458 0.844444 0.013542 0.016667
3 0.324479 0.8375 0.011458 0.015741
3 0.109115 0.936111 0.025521 0.022222
3 0.111458 0.903241 0.017708 0.019444
3 0.109115 0.88287 0.015104 0.025
3 0.104688 0.8625 0.013542 0.019444
7 0.010677 0.794907 0.020313 0.019444
