5 0.699219 0.855093 0.036979 0.076852
3 0.665104 0.834259 0.013542 0.018519
3 0.771875 0.879167 0.039583 0.04537
3 0.83776 0.852778 0.017188 0.035185
3 0.772396 0.819907 0.0125 0.015741
3 0.609115 0.809259 0.013021 0.016667
3 0.592969 0.806944 0.014063 0.019444
3 0.552865 0.788889 0.011979 0.011111
3 0.500521 0.771296 0.008333 0.012963
3 0.10625 0.675926 0.008333 0.009259
3 0.134635 0.681944 0.005729 0.008333
3 0.166406 0.689815 0.008854 0.007407
3 0.203385 0.702778 0.008854 0.009259
3 0.24401 0.712037 0.005729 0.009259
3 0.289323 0.723611 0.007812 0.012037
3 0.34401 0.737037 0.010937 0.009259
3 0.423958 0.747222 0.005208 0.009259
3 0.48151 0.760648 0.004687 0.008333
3 0.454167 0.752778 0.00625 0.005556
3 0.366927 0.729167 0.015104 0.015741
3 0.710156 0.800926 0.015104 0.022222
3 0.642969 0.782407 0.014063 0.014815
3 0.697917 0.774537 0.007292 0.010185
3 0.919792 0.826852 0.011458 0.009259
3 0.891927 0.806481 0.007812 0.011111
3 0.859896 0.844444 0.0125 0.014815
7 0.852865 0.859722 0.170313 0.047222
