2 0.240365 0.578704 0.056771 0.051852
2 0.357292 0.582407 0.051042 0.055556
2 0.394792 0.548148 0.032292 0.02963
2 0.422917 0.568981 0.052083 0.04537
2 0.459115 0.543056 0.047396 0.049074
2 0.513021 0.544907 0.053125 0.043519
2 0.561458 0.56713 0.05 0.04537
2 0.663542 0.49537 0.067708 0.055556
2 0.707292 0.558333 0.066667 0.053704
2 0.641667 0.536111 0.039583 0.031481
2 0.797396 0.5 0.032292 0.031481
2 0.797396 0.541667 0.051042 0.035185
2 0.870313 0.5 0.030208 0.044444
2 0.91276 0.525 0.053646 0.059259
2 0.973437 0.574537 0.052083 0.069444
8 0.496615 0.494907 0.129688 0.056481
