2 0.082292 0.77963 0.059375 0.040741
2 0.205469 0.769907 0.082812 0.028704
2 0.240365 0.740278 0.039062 0.028704
2 0.269792 0.746759 0.053125 0.047222
2 0.304167 0.711111 0.045833 0.053704
2 0.365365 0.723611 0.050521 0.019444
2 0.39974 0.742593 0.054688 0.040741
2 0.559896 0.708796 0.058333 0.04537
2 0.491146 0.697685 0.044792 0.019444
2 0.526042 0.692593 0.05 0.037037
2 0.636198 0.675926 0.047396 0.044444
2 0.646615 0.640741 0.013021 0.018519
2 0.696615 0.640741 0.032813 0.038889
2 0.754167 0.647222 0.061458 0.044444
2 0.885417 0.637037 0.035417 0.057407
2 0.976302 0.651389 0.045312 0.091667
2 0.972917 0.57963 0.032292 0.033333
2 0.892448 0.574537 0.036979 0.039815
