1 0.09349 0.603241 0.185938 0.125
1 0.620833 0.562963 0.139583 0.07037
3 0.932292 0.6375 0.017708 0.025
3 0.865625 0.633333 0.015625 0.025926
3 0.815365 0.634722 0.011979 0.019444
3 0.758073 0.639815 0.013021 0.024074
3 0.739583 0.635648 0.013542 0.021296
3 0.702083 0.640741 0.015625 0.016667
3 0.971875 0.614815 0.016667 0.025926
3 0.678385 0.637963 0.013021 0.022222
3 0.650781 0.639815 0.011979 0.02037
3 0.622396 0.641667 0.0125 0.02037
3 0.591927 0.639352 0.013021 0.023148
3 0.574479 0.641667 0.0125 0.016667
3 0.554948 0.640741 0.013021 0.018519
