2 0.376563 0.768981 0.070833 0.037963
2 0.448958 0.760648 0.073958 0.025
2 0.539062 0.768056 0.077083 0.036111
2 0.697917 0.744907 0.064583 0.023148
2 0.897656 0.719907 0.036979 0.017593
3 0.492448 0.830093 0.017188 0.026852
3 0.427083 0.828704 0.014583 0.02037
3 0.413281 0.821296 0.014063 0.016667
3 0.365885 0.819907 0.009896 0.019444
3 0.278385 0.824537 0.014063 0.013889
3 0.291406 0.818981 0.013021 0.021296
3 0.253906 0.815278 0.015104 0.019444
3 0.21901 0.811111 0.014063 0.02037
3 0.167969 0.81713 0.013021 0.017593
3 0.01875 0.8125 0.0125 0.019444
3 0.072917 0.806481 0.0125 0.022222
3 0.528385 0.812037 0.014063 0.025926
