5 0.058594 0.590278 0.073438 0.047222
5 0.130208 0.577778 0.044792 0.057407
5 0.11901 0.687037 0.121354 0.038889
5 0.233594 0.6 0.039062 0.027778
5 0.284375 0.590278 0.034375 0.034259
5 0.323177 0.622222 0.042188 0.040741
5 0.266927 0.663889 0.046354 0.025926
5 0.086458 0.507407 0.077083 0.022222
5 0.307812 0.511111 0.040625 0.018519
5 0.395052 0.509259 0.039062 0.018519
5 0.422656 0.510185 0.032813 0.02037
5 0.46875 0.511574 0.023958 0.017593
5 0.579688 0.511574 0.170833 0.028704
5 0.696615 0.516204 0.018229 0.015741
5 0.741667 0.520833 0.015625 0.023148
5 0.854427 0.516667 0.020313 0.02037
