2 0.101823 0.728241 0.033854 0.030556
2 0.264323 0.710185 0.035937 0.033333
2 0.166146 0.683796 0.020833 0.025
2 0.189323 0.677778 0.013021 0.02037
2 0.119271 0.681944 0.021875 0.015741
2 0.374219 0.747222 0.067187 0.055556
2 0.353125 0.679167 0.023958 0.028704
2 0.402604 0.673148 0.0125 0.031481
2 0.451823 0.680093 0.024479 0.047222
2 0.952083 0.666204 0.065625 0.026852
2 0.864844 0.683796 0.035937 0.037963
2 0.75625 0.673148 0.022917 0.040741
2 0.541927 0.663889 0.061979 0.040741
2 0.535417 0.693981 0.028125 0.028704
2 0.626563 0.708333 0.036458 0.033333
2 0.309375 0.67963 0.014583 0.02963
2 0.439323 0.70787 0.027604 0.037963
2 0.340625 0.716667 0.032292 0.035185
2 0.464583 0.718056 0.035417 0.028704
2 0.619271 0.744907 0.053125 0.021296
2 0.590885 0.69537 0.018229 0.037037
2 0.709375 0.681944 0.04375 0.028704
2 0.734115 0.71713 0.067187 0.039815
2 0.873698 0.735185 0.098437 0.051852
2 0.900521 0.710185 0.06875 0.044444
3 0.558854 0.82963 0.019792 0.022222
