1 0.194531 0.813426 0.094271 0.128704
1 0.261719 0.79537 0.060937 0.107407
2 0.439583 0.812037 0.033333 0.02037
2 0.730208 0.788426 0.0375 0.021296
1 0.88776 0.759722 0.149479 0.097222
2 0.069792 0.839815 0.028125 0.02037
2 0.336719 0.819444 0.038021 0.016667
3 0.014844 0.914352 0.014063 0.028704
3 0.070312 0.924074 0.0125 0.035185
3 0.092188 0.934259 0.01875 0.02963
3 0.1125 0.933333 0.017708 0.022222
3 0.21224 0.938426 0.016146 0.032407
3 0.227865 0.941204 0.017188 0.028704
3 0.291146 0.919444 0.015625 0.037037
3 0.338021 0.913426 0.0125 0.026852
3 0.360938 0.936574 0.013542 0.025
3 0.383333 0.931481 0.016667 0.027778
3 0.416927 0.921296 0.020313 0.031481
3 0.440104 0.916667 0.019792 0.024074
3 0.474219 0.911111 0.015104 0.022222
3 0.519271 0.93287 0.014583 0.026852
3 0.540625 0.93287 0.017708 0.026852
3 0.557552 0.931019 0.016146 0.032407
3 0.585156 0.918981 0.020313 0.028704
3 0.617969 0.913426 0.018229 0.032407
3 0.690885 0.9 0.018229 0.035185
3 0.729167 0.923611 0.020833 0.037963
3 0.75 0.919907 0.021875 0.026852
3 0.913281 0.914815 0.023438 0.02963
3 0.991406 0.90787 0.017188 0.041667
3 0.254427 0.900926 0.016146 0.022222
3 0.174479 0.906481 0.010417 0.022222
