2 0.883854 0.7875 0.19375 0.060185
13 0.923698 0.744907 0.024479 0.082407
3 0.767969 0.810185 0.013021 0.022222
1 0.740365 0.811111 0.013021 0.014815
1 0.438542 0.749074 0.076042 0.038889
2 0.33125 0.777315 0.053125 0.026852
13 0.314583 0.773611 0.0125 0.026852
2 0.136979 0.772685 0.070833 0.034259
2 0.282031 0.775463 0.036979 0.013889
2 0.541406 0.749537 0.022396 0.015741
1 0.659896 0.733796 0.058333 0.041667
2 0.732812 0.735185 0.041667 0.018519
2 0.883854 0.730093 0.057292 0.025
2 0.956771 0.722685 0.05625 0.021296
