2 0.402604 0.915278 0.139583 0.062037
2 0.51901 0.850463 0.053646 0.041667
2 0.582292 0.830093 0.040625 0.026852
2 0.658854 0.822222 0.035417 0.02037
2 0.896875 0.781944 0.053125 0.017593
7 0.620313 0.810648 0.054167 0.043519
13 0.370052 0.876852 0.028646 0.081481
13 0.460938 0.850926 0.027083 0.055556
13 0.520052 0.831019 0.011979 0.037963
13 0.661458 0.800463 0.013542 0.032407
13 0.576302 0.810648 0.019271 0.032407
9 0.059115 0.722685 0.034896 0.239815
9 0.09349 0.750463 0.036979 0.169444
9 0.010156 0.731019 0.019271 0.210185
13 0.439063 0.856944 0.019792 0.080556
