2 0.428385 0.816667 0.189062 0.046296
2 0.534896 0.789352 0.058333 0.041667
2 0.608333 0.787037 0.057292 0.033333
2 0.673177 0.765278 0.044271 0.026852
7 0.711458 0.749074 0.05 0.040741
13 0.368229 0.778241 0.03125 0.060185
13 0.466146 0.766204 0.023958 0.084259
13 0.520052 0.768056 0.025521 0.049074
13 0.611719 0.766204 0.018229 0.032407
13 0.665365 0.750463 0.014063 0.039815
13 0.753906 0.739815 0.015104 0.038889
9 0.194792 0.674537 0.036458 0.210185
9 0.139323 0.683333 0.034896 0.185185
9 0.079427 0.686111 0.033854 0.192593
9 0.22474 0.697685 0.027604 0.15463
