4 0.1125 0.785648 0.114583 0.078704
3 0.358333 0.900463 0.028125 0.043519
3 0.403125 0.873611 0.027083 0.039815
3 0.440885 0.864352 0.018229 0.030556
3 0.471094 0.848611 0.024479 0.037963
3 0.528125 0.826389 0.017708 0.041667
3 0.569271 0.809722 0.017708 0.030556
3 0.607031 0.8 0.018229 0.025926
3 0.182031 0.859259 0.024479 0.02963
3 0.216927 0.847685 0.022396 0.026852
3 0.242188 0.84213 0.016667 0.028704
3 0.272656 0.835648 0.011979 0.019444
3 0.319271 0.816204 0.013542 0.026852
3 0.364323 0.806481 0.015104 0.02037
3 0.403125 0.796759 0.011458 0.021296
2 0.640104 0.780093 0.015625 0.028704
