3 0.954688 0.9125 0.032292 0.041667
3 0.832812 0.914815 0.027083 0.035185
3 0.669271 0.922685 0.025 0.026852
3 0.777344 0.865741 0.017188 0.025926
3 0.843229 0.865278 0.01875 0.021296
3 0.949219 0.856944 0.016146 0.028704
3 0.902865 0.859722 0.019271 0.021296
3 0.242448 0.861111 0.021354 0.027778
3 0.415104 0.868519 0.021875 0.038889
3 0.634896 0.922222 0.020833 0.02963
3 0.688802 0.875463 0.016146 0.019444
3 0.661198 0.859722 0.016146 0.023148
3 0.582552 0.872685 0.019271 0.025
2 0.855469 0.786574 0.051562 0.052778
2 0.661458 0.778241 0.052083 0.041667
2 0.378906 0.776389 0.107813 0.047222
3 0.217188 0.861574 0.016667 0.019444
