2 0.414844 0.877778 0.122396 0.074074
2 0.477344 0.851852 0.032813 0.035185
2 0.513802 0.835648 0.050521 0.026852
2 0.571615 0.810648 0.046354 0.025
7 0.61224 0.788426 0.050521 0.039815
2 0.654167 0.798611 0.026042 0.012037
2 0.892969 0.760185 0.057813 0.02037
2 0.970573 0.743981 0.018229 0.008333
13 0.386458 0.831481 0.025 0.07037
13 0.438281 0.819444 0.018229 0.090741
13 0.466927 0.821759 0.018229 0.065741
13 0.494531 0.815741 0.011979 0.038889
13 0.513802 0.814352 0.009896 0.028704
13 0.564063 0.79213 0.011458 0.036111
13 0.65 0.777315 0.011458 0.037963
9 0.044792 0.711574 0.0375 0.241667
9 0.077865 0.738889 0.034896 0.17963
