2 0.359896 0.678704 0.177083 0.064815
2 0.479948 0.656944 0.111979 0.047222
2 0.346875 0.638889 0.059375 0.038889
2 0.284896 0.631944 0.041667 0.028704
2 0.263281 0.620833 0.040104 0.021296
3 0.254427 0.689352 0.011979 0.017593
3 0.267448 0.691204 0.013021 0.021296
3 0.851302 0.703704 0.016146 0.025926
3 0.830208 0.697222 0.013542 0.02037
9 0.113021 0.555556 0.0125 0.116667
9 0.140885 0.55 0.009896 0.124074
9 0.155469 0.5625 0.011979 0.110185
2 0.709896 0.638889 0.035417 0.022222
2 0.804688 0.636111 0.0375 0.018519
2 0.934375 0.638426 0.0375 0.023148
2 0.429948 0.614815 0.049479 0.02037
2 0.626302 0.628704 0.032813 0.022222
