3 0.285156 0.802778 0.015104 0.024074
3 0.267188 0.791204 0.013542 0.026852
3 0.216927 0.820833 0.017188 0.032407
3 0.167708 0.831019 0.016667 0.026852
3 0.120313 0.849537 0.017708 0.021296
3 0.145052 0.818056 0.015104 0.026852
3 0.191927 0.807407 0.015104 0.031481
3 0.333854 0.807407 0.017708 0.022222
3 0.383594 0.780556 0.011979 0.024074
3 0.33151 0.780556 0.017188 0.02963
3 0.024479 0.799074 0.0125 0.025926
3 0.086458 0.831481 0.017708 0.033333
3 0.05 0.793056 0.013542 0.019444
4 0.835677 0.674537 0.059896 0.04537
4 0.79349 0.658796 0.036979 0.019444
4 0.70625 0.66713 0.033333 0.030556
3 0.435156 0.756481 0.015104 0.027778
3 0.301823 0.829167 0.014063 0.021296
