2 0.523177 0.731019 0.277604 0.087963
3 0.364323 0.756944 0.022396 0.030556
3 0.342969 0.765278 0.019271 0.026852
3 0.380469 0.756019 0.019271 0.028704
2 0.36875 0.656944 0.057292 0.04537
2 0.569271 0.665741 0.14375 0.057407
2 0.282031 0.651852 0.042188 0.031481
2 0.242188 0.647685 0.04375 0.030556
2 0.919792 0.591204 0.039583 0.017593
2 0.878385 0.599074 0.035937 0.014815
2 0.779167 0.594444 0.045833 0.02037
2 0.709635 0.613426 0.040104 0.023148
2 0.666406 0.608333 0.030729 0.014815
2 0.607031 0.610648 0.043229 0.025
2 0.197917 0.614352 0.033333 0.025
2 0.350521 0.622222 0.040625 0.02037
9 0.060677 0.577315 0.015104 0.119444
9 0.089063 0.583333 0.010417 0.107407
9 0.09349 0.576389 0.007812 0.128704
9 0.108333 0.579167 0.011458 0.115741
