3 0.245052 0.808333 0.016146 0.022222
3 0.19349 0.799537 0.014063 0.019444
3 0.378385 0.812963 0.011979 0.02037
3 0.464062 0.818519 0.011458 0.018519
3 0.302865 0.816667 0.010937 0.018519
3 0.290365 0.804167 0.010937 0.017593
3 0.222656 0.797222 0.011979 0.02037
3 0.110156 0.790278 0.011979 0.017593
3 0.146875 0.796759 0.011458 0.017593
3 0.010417 0.820833 0.01875 0.021296
3 0.024479 0.773611 0.014583 0.019444
3 0.067187 0.783796 0.011458 0.021296
3 0.051042 0.775926 0.011458 0.022222
3 0.495052 0.811111 0.011979 0.014815
3 0.533854 0.813889 0.009375 0.018519
