2 0.0875 0.723611 0.034375 0.039815
2 0.250521 0.704167 0.034375 0.037963
2 0.370312 0.743056 0.071875 0.04537
2 0.607031 0.749074 0.046354 0.027778
2 0.719792 0.718981 0.058333 0.037963
2 0.745573 0.673611 0.030729 0.028704
2 0.691667 0.681019 0.04375 0.025
2 0.586198 0.693519 0.033854 0.035185
2 0.625781 0.712963 0.055729 0.037037
2 0.942969 0.667593 0.054688 0.040741
2 0.86901 0.734722 0.083854 0.052778
2 0.854167 0.688889 0.054167 0.040741
2 0.890885 0.713889 0.071354 0.05
2 0.303125 0.676389 0.026042 0.039815
2 0.52526 0.690278 0.027604 0.032407
2 0.446615 0.676852 0.035937 0.046296
2 0.390625 0.669907 0.01875 0.026852
2 0.345833 0.672685 0.027083 0.030556
2 0.45651 0.721759 0.038021 0.037963
2 0.429427 0.709722 0.027604 0.032407
2 0.182552 0.680556 0.021354 0.02037
2 0.108333 0.678704 0.030208 0.016667
2 0.334635 0.70787 0.049479 0.049074
3 0.548177 0.831019 0.019271 0.017593
2 0.154688 0.681019 0.025 0.026852
2 0.533854 0.669444 0.030208 0.042593
