4 0.536458 0.870833 0.04375 0.04537
3 0.757031 0.826852 0.015104 0.018519
3 0.91901 0.870833 0.017188 0.028704
2 0.853906 0.776852 0.115104 0.040741
2 0.377344 0.785648 0.075521 0.052778
2 0.355208 0.750926 0.054167 0.035185
1 0.389844 0.693519 0.033854 0.035185
1 0.169271 0.673148 0.026042 0.035185
1 0.059115 0.659722 0.029687 0.043519
2 0.260417 0.689815 0.023958 0.016667
2 0.272917 0.702315 0.023958 0.017593
2 0.440625 0.714815 0.029167 0.02037
2 0.695573 0.735185 0.054688 0.02963
2 0.789844 0.742593 0.057813 0.027778
9 0.83125 0.598611 0.028125 0.308333
9 0.786979 0.629167 0.020833 0.225
9 0.745573 0.650463 0.018229 0.178704
9 0.728385 0.673148 0.008854 0.127778
