3 0.898177 0.605093 0.019271 0.021296
3 0.932031 0.603241 0.019271 0.021296
3 0.948698 0.604167 0.019271 0.021296
3 0.683854 0.585648 0.015625 0.026852
3 0.602083 0.597685 0.015625 0.026852
3 0.554167 0.60787 0.015625 0.026852
3 0.494792 0.618981 0.015625 0.026852
3 0.284896 0.646759 0.015625 0.026852
3 0.324479 0.611574 0.015625 0.026852
3 0.204687 0.636574 0.015625 0.026852
3 0.116667 0.665278 0.015625 0.026852
3 0.085938 0.652315 0.015625 0.026852
3 0.01875 0.681019 0.015625 0.026852
3 0.063542 0.631019 0.015625 0.026852
3 0.01875 0.621759 0.015625 0.026852
3 0.078125 0.63287 0.015625 0.026852
3 0.152604 0.621759 0.015625 0.026852
3 0.164583 0.623611 0.015625 0.026852
3 0.181771 0.621759 0.015625 0.026852
3 0.245833 0.606944 0.015625 0.026852
3 0.383854 0.603241 0.015625 0.026852
3 0.411458 0.591204 0.015625 0.026852
3 0.435937 0.591204 0.015625 0.026852
3 0.459896 0.589352 0.015625 0.026852
3 0.729167 0.568056 0.015625 0.026852
3 0.738542 0.566204 0.015625 0.026852
1 0.609115 0.528241 0.186979 0.082407
2 0.404427 0.563889 0.050521 0.014815
2 0.076823 0.587037 0.050521 0.014815
