2 0.121354 0.645833 0.022917 0.019444
2 0.172656 0.638889 0.026562 0.02037
2 0.239063 0.638889 0.030208 0.022222
2 0.273698 0.657407 0.040104 0.024074
2 0.339062 0.641667 0.020833 0.018519
2 0.373437 0.631019 0.028125 0.021296
2 0.39401 0.64537 0.024479 0.016667
2 0.435677 0.631944 0.041146 0.019444
2 0.475521 0.645833 0.0375 0.025
2 0.497656 0.633333 0.022396 0.018519
2 0.625 0.640278 0.029167 0.021296
2 0.652604 0.635185 0.034375 0.024074
2 0.715625 0.631944 0.045833 0.017593
2 0.750781 0.618981 0.026562 0.019444
2 0.807813 0.627315 0.0375 0.019444
2 0.860156 0.617593 0.029687 0.02037
2 0.915365 0.619907 0.041146 0.017593
2 0.971615 0.60787 0.021354 0.019444
1 0.628646 0.609722 0.028125 0.034259
