3 0.088542 0.706481 0.017708 0.02963
3 0.151042 0.713889 0.016667 0.02037
3 0.2375 0.723148 0.016667 0.014815
3 0.271615 0.722222 0.011979 0.022222
3 0.823958 0.83287 0.008333 0.015741
3 0.913802 0.856481 0.009896 0.022222
3 0.676823 0.808333 0.015104 0.016667
3 0.615104 0.7875 0.007292 0.017593
3 0.570312 0.778241 0.0125 0.015741
3 0.526302 0.762037 0.009896 0.014815
3 0.464062 0.764815 0.013542 0.018519
3 0.435417 0.747222 0.011458 0.018519
3 0.411198 0.740278 0.013021 0.013889
3 0.281771 0.743056 0.0125 0.017593
