2 0.060417 0.731481 0.090625 0.053704
2 0.321615 0.793056 0.136979 0.075
2 0.444792 0.79213 0.084375 0.041667
2 0.085677 0.68287 0.043229 0.032407
2 0.132552 0.697685 0.047396 0.032407
2 0.161719 0.676389 0.049479 0.043519
2 0.21849 0.696759 0.051562 0.025
2 0.210677 0.675463 0.020313 0.019444
2 0.295833 0.687963 0.03125 0.025926
4 0.224479 0.724074 0.030208 0.02037
2 0.340625 0.725 0.045833 0.02963
2 0.336458 0.706019 0.0375 0.015741
2 0.374219 0.708796 0.031771 0.021296
2 0.411719 0.718056 0.032813 0.026852
2 0.44974 0.723148 0.031771 0.022222
2 0.430729 0.738889 0.045833 0.024074
2 0.382552 0.740278 0.054688 0.032407
2 0.495052 0.724074 0.040104 0.025926
2 0.519271 0.742593 0.038542 0.02037
2 0.521094 0.762037 0.059896 0.035185
2 0.583333 0.732407 0.01875 0.022222
2 0.611979 0.758333 0.0375 0.024074
2 0.641146 0.795833 0.022917 0.019444
2 0.635156 0.769444 0.035937 0.018519
2 0.694531 0.783796 0.041146 0.026852
2 0.740625 0.794907 0.061458 0.036111
2 0.795833 0.790741 0.069792 0.044444
2 0.909115 0.811111 0.051562 0.037037
