2 0.651563 0.856019 0.104167 0.073148
2 0.745313 0.8375 0.063542 0.069444
2 0.807813 0.866204 0.085417 0.032407
2 0.339062 0.827778 0.042708 0.02963
2 0.01901 0.853241 0.036979 0.050926
3 0.538542 0.925463 0.014583 0.019444
3 0.66224 0.925 0.013021 0.018519
3 0.829167 0.943519 0.016667 0.02037
3 0.913021 0.938889 0.020833 0.018519
3 0.97474 0.930093 0.014063 0.019444
3 0.832292 0.911111 0.013542 0.018519
3 0.769271 0.918519 0.011458 0.016667
3 0.496094 0.907407 0.014063 0.016667
3 0.38099 0.911574 0.013021 0.019444
3 0.032292 0.916667 0.01875 0.014815
3 0.92474 0.903241 0.009896 0.015741
3 0.880469 0.90787 0.014063 0.012037
