2 0.73151 0.317593 0.251563 0.133333
2 0.148177 0.271759 0.061979 0.034259
2 0.016927 0.288426 0.032813 0.025
2 0.532292 0.293981 0.090625 0.062037
2 0.45651 0.293981 0.058854 0.058333
2 0.414583 0.281944 0.042708 0.075
13 0.811458 0.281944 0.035417 0.106481
13 0.556771 0.281019 0.032292 0.056481
13 0.527604 0.272222 0.026042 0.053704
13 0.46901 0.268056 0.018229 0.04537
13 0.410677 0.275 0.019271 0.037037
13 0.471354 0.271296 0.025 0.040741
13 0.523958 0.25 0.014583 0.046296
13 0.467187 0.234259 0.035417 0.025926
