5 0.203646 0.752315 0.114583 0.063889
5 0.26875 0.913426 0.111458 0.058333
5 0.383333 0.912037 0.09375 0.055556
5 0.327604 0.744907 0.086458 0.084259
5 0.496354 0.770833 0.063542 0.043519
5 0.58776 0.751852 0.056771 0.051852
5 0.653906 0.79537 0.061979 0.038889
5 0.55026 0.882407 0.090104 0.044444
5 0.810677 0.771759 0.079687 0.039815
5 0.111198 0.607407 0.047396 0.027778
7 0.029948 0.614352 0.023438 0.015741
5 0.258594 0.610185 0.139063 0.024074
5 0.620573 0.615741 0.053646 0.018519
5 0.780208 0.612037 0.065625 0.037037
5 0.842187 0.61713 0.064583 0.030556
5 0.907552 0.616204 0.048438 0.023148
5 0.948698 0.614815 0.024479 0.02037
5 0.979688 0.606019 0.040625 0.037963
