3 0.119792 0.715741 0.0125 0.022222
3 0.167969 0.720833 0.013021 0.017593
3 0.211458 0.721759 0.013542 0.017593
3 0.255729 0.728241 0.013542 0.017593
3 0.307292 0.72963 0.014583 0.018519
3 0.076042 0.713889 0.011458 0.014815
3 0.035417 0.709722 0.013542 0.015741
3 0.934115 0.738426 0.008854 0.015741
2 0.906771 0.69537 0.038542 0.018519
2 0.464062 0.684259 0.030208 0.016667
4 0.53099 0.685185 0.021354 0.014815
4 0.690885 0.692593 0.026562 0.022222
4 0.835677 0.69537 0.025521 0.016667
7 0.810417 0.681481 0.016667 0.016667
4 0.192708 0.666204 0.020833 0.021296
4 0.167187 0.666667 0.022917 0.012963
4 0.147656 0.664352 0.022396 0.017593
4 0.119271 0.662963 0.019792 0.016667
3 0.36875 0.733333 0.007292 0.016667
