2 0.092188 0.655093 0.029167 0.041667
2 0.11875 0.698611 0.03125 0.037963
2 0.091927 0.687963 0.028646 0.027778
2 0.178125 0.663426 0.01875 0.049074
2 0.194271 0.65463 0.019792 0.044444
2 0.266927 0.733333 0.052604 0.027778
2 0.014583 0.724074 0.028125 0.048148
2 0.23724 0.685648 0.030729 0.039815
2 0.285156 0.705093 0.047396 0.039815
2 0.35599 0.677778 0.032813 0.025926
2 0.413802 0.672222 0.035937 0.033333
2 0.39375 0.715741 0.069792 0.044444
2 0.597917 0.683796 0.067708 0.043519
2 0.769792 0.677778 0.04375 0.031481
2 0.707552 0.691204 0.030729 0.025
2 0.52526 0.743981 0.076563 0.043519
2 0.552344 0.726389 0.068229 0.039815
2 0.695573 0.736111 0.049479 0.044444
2 0.825 0.709259 0.057292 0.035185
2 0.980208 0.678704 0.039583 0.05
2 0.908333 0.696759 0.05 0.028704
2 0.961979 0.70787 0.060417 0.037963
2 0.884635 0.747685 0.109896 0.060185
2 0.71849 0.72037 0.052604 0.046296
3 0.2125 0.819907 0.016667 0.021296
