3 0.129167 0.934722 0.039583 0.050926
3 0.044271 0.888426 0.032292 0.050926
3 0.751563 0.932407 0.030208 0.040741
3 0.635677 0.90787 0.028646 0.047222
3 0.50599 0.883796 0.029687 0.043519
3 0.40026 0.8625 0.025521 0.039815
3 0.311979 0.838889 0.021875 0.035185
3 0.236719 0.8125 0.022396 0.034259
3 0.173437 0.791667 0.021875 0.035185
3 0.132031 0.775 0.020313 0.031481
3 0.09349 0.763889 0.017188 0.027778
3 0.897917 0.839352 0.020833 0.034259
3 0.905208 0.821759 0.017708 0.025
3 0.815885 0.83287 0.017188 0.028704
3 0.804427 0.814352 0.015104 0.023148
3 0.80026 0.792593 0.014063 0.025926
3 0.75 0.819907 0.014583 0.028704
3 0.716146 0.803704 0.017708 0.027778
3 0.684115 0.813426 0.013021 0.025
3 0.638802 0.797222 0.016146 0.022222
3 0.614062 0.796759 0.01875 0.026852
3 0.560417 0.784722 0.0125 0.021296
3 0.573698 0.787037 0.017188 0.025926
3 0.503906 0.780093 0.015104 0.023148
3 0.957552 0.808796 0.015104 0.025
