2 0.419792 0.870833 0.105208 0.049074
2 0.484375 0.845833 0.028125 0.034259
2 0.516406 0.827778 0.045312 0.02963
2 0.567969 0.802315 0.042188 0.028704
7 0.614062 0.784722 0.047917 0.032407
2 0.653646 0.795833 0.036458 0.013889
13 0.4 0.824074 0.029167 0.07037
13 0.439063 0.806944 0.028125 0.080556
13 0.471094 0.811574 0.018229 0.050926
13 0.502344 0.8125 0.015104 0.028704
13 0.517188 0.805556 0.016667 0.033333
13 0.564063 0.785648 0.013542 0.030556
13 0.650781 0.776389 0.017188 0.036111
9 0.042708 0.7125 0.039583 0.243519
9 0.078385 0.740741 0.033854 0.187037
2 0.900781 0.75463 0.057813 0.024074
2 0.973958 0.732407 0.025 0.02037
