2 0.017969 0.640741 0.034896 0.042593
2 0.076302 0.684259 0.064062 0.038889
2 0.136458 0.734259 0.103125 0.062963
2 0.164844 0.686574 0.053646 0.037963
2 0.209896 0.708796 0.05625 0.036111
2 0.229427 0.674537 0.053646 0.05463
2 0.2875 0.698148 0.052083 0.031481
2 0.285156 0.677315 0.033854 0.023148
2 0.390885 0.794907 0.128646 0.078704
2 0.36875 0.69213 0.033333 0.026852
2 0.563021 0.718981 0.0375 0.030556
2 0.651302 0.728704 0.024479 0.012963
2 0.685937 0.751852 0.035417 0.027778
2 0.701562 0.762037 0.0375 0.025926
2 0.979948 0.804167 0.040104 0.036111
2 0.296354 0.728704 0.025 0.027778
2 0.436198 0.706944 0.046354 0.036111
2 0.733854 0.768056 0.034375 0.030556
2 0.771094 0.780556 0.044271 0.035185
2 0.814583 0.789352 0.058333 0.036111
2 0.865885 0.787963 0.054688 0.044444
2 0.480469 0.716204 0.030729 0.021296
2 0.513281 0.717593 0.028646 0.022222
2 0.503906 0.733796 0.051562 0.028704
2 0.586198 0.741204 0.047396 0.028704
2 0.590365 0.760648 0.068229 0.041667
2 0.513542 0.788889 0.1 0.057407
2 0.49974 0.761111 0.073438 0.040741
2 0.409635 0.722222 0.045312 0.031481
2 0.453385 0.7375 0.048438 0.025
