3 0.330729 0.960185 0.032292 0.05
3 0.500521 0.926389 0.032292 0.047222
3 0.613542 0.896296 0.029167 0.051852
3 0.70651 0.875463 0.026562 0.04537
3 0.846615 0.84537 0.025521 0.038889
3 0.960417 0.8125 0.020833 0.04537
3 0.517188 0.79213 0.017708 0.025
3 0.589323 0.781944 0.016146 0.025
3 0.636458 0.80463 0.016667 0.024074
3 0.70599 0.787037 0.017188 0.027778
3 0.683594 0.764815 0.016146 0.025926
3 0.786458 0.767593 0.014583 0.031481
3 0.760156 0.749537 0.011979 0.023148
3 0.828646 0.734722 0.014583 0.025
3 0.889583 0.72037 0.0125 0.025926
3 0.949479 0.711111 0.0125 0.022222
3 0.915625 0.731481 0.014583 0.024074
3 0.371615 0.776389 0.013021 0.013889
3 0.418229 0.8125 0.013542 0.019444
3 0.55 0.825 0.016667 0.022222
3 0.972656 0.721296 0.014063 0.022222
4 0.445312 0.733333 0.090625 0.061111
4 0.285677 0.740741 0.082812 0.046296
4 0.167448 0.735648 0.057813 0.037963
8 0.182552 0.696296 0.240104 0.042593
