1 0.546875 0.401852 0.051042 0.044444
2 0.391406 0.41713 0.047396 0.025
2 0.50026 0.414352 0.050521 0.023148
2 0.282292 0.423148 0.030208 0.018519
3 0.089063 0.489352 0.017708 0.012037
3 0.159375 0.487963 0.009375 0.012963
3 0.265625 0.483796 0.011458 0.013889
3 0.410156 0.469907 0.011979 0.015741
3 0.393229 0.476389 0.01875 0.013889
3 0.563542 0.481481 0.01875 0.009259
3 0.54375 0.483796 0.010417 0.013889
3 0.50651 0.471296 0.020313 0.02037
3 0.681771 0.474537 0.014583 0.015741
3 0.665365 0.451389 0.015104 0.015741
3 0.825521 0.449537 0.011458 0.021296
3 0.781771 0.440278 0.011458 0.013889
3 0.728385 0.428704 0.016146 0.016667
3 0.886979 0.431481 0.008333 0.014815
