3 0.245052 0.641204 0.023438 0.032407
2 0.884115 0.410185 0.094271 0.048148
2 0.75 0.436574 0.107292 0.047222
2 0.796094 0.471296 0.108854 0.068519
2 0.744271 0.509722 0.115625 0.075
2 0.541667 0.470833 0.080208 0.069444
2 0.579167 0.400926 0.05 0.05
2 0.494531 0.408333 0.053646 0.046296
2 0.339062 0.503704 0.064583 0.046296
2 0.316667 0.416667 0.044792 0.051852
2 0.365885 0.456481 0.066146 0.066667
2 0.216927 0.409259 0.042188 0.053704
2 0.209375 0.38287 0.064583 0.049074
2 0.067448 0.391667 0.057813 0.059259
2 0.015365 0.391667 0.026562 0.037037
2 0.083333 0.448148 0.046875 0.057407
2 0.051042 0.44213 0.038542 0.050926
2 0.85026 0.344907 0.019271 0.019444
7 0.739844 0.3375 0.028646 0.019444
