2 0.74974 0.309259 0.301563 0.168519
2 0.522396 0.310648 0.129167 0.106481
2 0.361979 0.296296 0.035417 0.066667
2 0.41875 0.308796 0.066667 0.058333
2 0.435677 0.275 0.111979 0.075926
2 0.082812 0.289815 0.055208 0.031481
13 0.845052 0.277315 0.047396 0.100926
13 0.516146 0.289815 0.026042 0.066667
13 0.54375 0.292593 0.022917 0.046296
13 0.431771 0.290278 0.015625 0.058333
13 0.358854 0.287963 0.014583 0.02963
13 0.479427 0.265278 0.031771 0.056481
13 0.406771 0.253241 0.007292 0.028704
13 0.422135 0.251852 0.019271 0.02963
