3 0.119271 0.790278 0.039583 0.052778
3 0.80625 0.602778 0.058333 0.059259
2 0.207552 0.434722 0.145313 0.130556
2 0.711198 0.452778 0.173437 0.114815
2 0.15651 0.208796 0.080729 0.050926
2 0.036198 0.208333 0.071354 0.059259
2 0.267969 0.181481 0.070312 0.057407
2 0.414844 0.203241 0.184896 0.069444
2 0.510938 0.263889 0.13125 0.07963
2 0.634635 0.197685 0.084896 0.058333
2 0.74401 0.155556 0.069271 0.05
2 0.83151 0.200926 0.096354 0.048148
2 0.908333 0.1625 0.0625 0.047222
4 0.951302 0.288426 0.036979 0.025
