2 0.433333 0.852315 0.078125 0.052778
2 0.488542 0.823611 0.04375 0.026852
2 0.526302 0.812963 0.044271 0.02037
2 0.567969 0.802315 0.042188 0.019444
2 0.655469 0.794907 0.034896 0.026852
2 0.913802 0.759259 0.058854 0.016667
2 0.325781 0.787037 0.039062 0.014815
2 0.3625 0.784722 0.033333 0.013889
9 0.041406 0.681481 0.035937 0.237037
9 0.077083 0.710185 0.038542 0.172222
13 0.422917 0.801389 0.019792 0.065741
13 0.440625 0.784722 0.015625 0.075
13 0.485156 0.790741 0.017188 0.046296
13 0.52474 0.791667 0.011979 0.027778
7 0.613802 0.782407 0.049479 0.040741
