4 0.101302 0.714815 0.056771 0.061111
3 0.201823 0.736574 0.015104 0.032407
3 0.228906 0.721759 0.015104 0.023148
3 0.285156 0.72037 0.014063 0.016667
3 0.291406 0.701852 0.021354 0.02963
3 0.501563 0.751852 0.014583 0.02037
3 0.460156 0.720833 0.016146 0.012037
3 0.70026 0.780556 0.004687 0.011111
3 0.797656 0.808796 0.010937 0.006481
3 0.927083 0.815741 0.008333 0.011111
3 0.955469 0.814352 0.010937 0.013889
3 0.863802 0.792593 0.009896 0.022222
3 0.621094 0.756019 0.011979 0.012037
3 0.384896 0.759722 0.014583 0.017593
3 0.266406 0.680556 0.009896 0.009259
3 0.167969 0.666667 0.013021 0.016667
3 0.482552 0.76713 0.010937 0.015741
