3 0.58125 0.908796 0.032292 0.047222
3 0.616146 0.875463 0.027083 0.041667
3 0.65026 0.854167 0.021354 0.039815
3 0.673698 0.83287 0.021354 0.039815
3 0.727865 0.802778 0.017188 0.033333
3 0.763021 0.778704 0.017708 0.027778
3 0.795312 0.764815 0.0125 0.018519
3 0.822917 0.749074 0.016667 0.024074
3 0.853646 0.731481 0.016667 0.022222
3 0.882031 0.72037 0.013021 0.025926
3 0.917188 0.706481 0.013542 0.025926
3 0.35599 0.84213 0.018229 0.028704
3 0.386719 0.831019 0.017188 0.028704
3 0.416667 0.819907 0.014583 0.030556
3 0.465625 0.803241 0.017708 0.032407
3 0.508594 0.790278 0.015104 0.025
3 0.547656 0.775926 0.015104 0.027778
3 0.58776 0.762037 0.014063 0.022222
3 0.623958 0.749537 0.013542 0.023148
3 0.659375 0.738426 0.0125 0.019444
3 0.404687 0.772222 0.013542 0.02037
3 0.34349 0.781019 0.013021 0.023148
3 0.323698 0.861111 0.017188 0.033333
3 0.697656 0.729167 0.014063 0.019444
3 0.052083 0.819907 0.014583 0.021296
3 0.098177 0.811574 0.011979 0.021296
3 0.114062 0.843519 0.010417 0.025926
3 0.158594 0.81713 0.011979 0.019444
3 0.142187 0.824074 0.0125 0.02037
4 0.213021 0.786574 0.096875 0.087963
13 0.172396 0.7875 0.022917 0.069444
4 0.042708 0.764352 0.060417 0.036111
