2 0.016146 0.502778 0.03125 0.038889
2 0.040625 0.52037 0.034375 0.033333
2 0.070312 0.488889 0.030208 0.042593
2 0.108594 0.528241 0.039062 0.032407
2 0.136198 0.549537 0.038021 0.023148
2 0.176563 0.549537 0.042708 0.043519
2 0.139844 0.528704 0.039062 0.037037
2 0.10026 0.502315 0.034896 0.026852
2 0.183073 0.514352 0.034896 0.028704
2 0.225 0.51713 0.03125 0.030556
2 0.247917 0.541667 0.026042 0.022222
2 0.292448 0.528241 0.036979 0.017593
2 0.349219 0.556019 0.035937 0.04537
2 0.394271 0.580093 0.054167 0.034259
2 0.502083 0.587963 0.036458 0.037037
2 0.536719 0.594444 0.024479 0.035185
2 0.646094 0.618519 0.041146 0.037037
1 0.714323 0.5875 0.025521 0.05463
1 0.744792 0.591204 0.03125 0.076852
1 0.417187 0.539815 0.020833 0.022222
